{
 "cells": [
  {
   "cell_type": "markdown",
   "metadata": {},
   "source": [
    "# Match Kitti Sequence version 22-11\n",
    "\n",
    "Reads a sequence of stereo images as Frame. The Frames are scanned to identify FramePoints that are pixels that are at the top or botrom of vertical lines in the image. A patch is taken around each of the FramePoints in the left hand image, to match these to a patch in the right hand image and estimate the disparity/distance of the framePoint.\n",
    "\n",
    "A Sequence is created in which the first Frame is the KeyFrame. It's initial FramePoints are culled to keep only the points for which there is a confident estimate of its depth. The consecutive frames are used to track the KeyFrame's remaining FramePoints. Only a limited number of all framePoints will be found in the consecutive frames, mostly because nearby objects become larger quickly as we get closer. The matching FramePoints are given the same FramePointId as the corresponding point in the KeyFrame and its depth is estimated.\n",
    "\n",
    "The results are dumped into a folder 'dump', containing files 0.txt, 1.txt, etc. 0.txt contains the FramePoints as observed from the first frame, 1.txt form the second frame, etc. In these files, each row contains a single FramePoint with the values FramePointID, X, Y, Depth."
   ]
  },
  {
   "cell_type": "code",
   "execution_count": 1,
   "metadata": {},
   "outputs": [],
   "source": [
    "from urb_kitti import *\n",
    "%matplotlib inline\n",
    "import numpy as np"
   ]
  },
  {
   "cell_type": "markdown",
   "metadata": {},
   "source": [
    "Read the first 10 frames from KITTI sequence 00."
   ]
  },
  {
   "cell_type": "code",
   "execution_count": 2,
   "metadata": {},
   "outputs": [
    {
     "name": "stdout",
     "output_type": "stream",
     "text": [
      "CPU times: user 116 µs, sys: 270 µs, total: 386 µs\n",
      "Wall time: 392 µs\n"
     ]
    }
   ],
   "source": [
    "%%time\n",
    "LEFTDIR = '/data/urbinn/datasets/kitti/sequences/00/image_2'\n",
    "RIGHTDIR = '/data/urbinn/datasets/kitti/sequences/00/image_3'\n",
    "\n",
    "frame = []\n",
    "for frameid in range(250):\n",
    "    filename = '%06d.png'%(frameid)\n",
    "    left_frame = Frame(LEFTDIR + '/' + filename, RIGHTDIR)\n",
    "    frame.append(left_frame)"
   ]
  },
  {
   "cell_type": "markdown",
   "metadata": {},
   "source": [
    "Inspect the FramePoints for the first frame"
   ]
  },
  {
   "cell_type": "markdown",
   "metadata": {},
   "source": [
    "We can also manually compute the Depth of the points and show these"
   ]
  },
  {
   "cell_type": "markdown",
   "metadata": {},
   "source": [
    "Turn the list of frames into a sequence. The first frame is automatically taken as the KeyFrame and its FramePoints are rerieved, depth is estimated, only the most confident points are kept, and they are tracked in the other frames."
   ]
  },
  {
   "cell_type": "code",
   "execution_count": 3,
   "metadata": {},
   "outputs": [
    {
     "name": "stderr",
     "output_type": "stream",
     "text": [
      "  3% (8 of 250) |                         | Elapsed Time: 0:00:15 ETA:  0:08:03"
     ]
    },
    {
     "name": "stdout",
     "output_type": "stream",
     "text": [
      "invalid speed -4.16165723878 -0.604385452587 [[  9.99342715e-01  -1.13788167e-02   3.44188897e-02  -8.57969470e-02]\n",
      " [  1.11909082e-02   9.99921433e-01   5.64719186e-03   4.43223297e-01]\n",
      " [ -3.44804439e-02  -5.25830142e-03   9.99391540e-01  -8.89545118e+00]\n",
      " [  0.00000000e+00   0.00000000e+00   0.00000000e+00   1.00000000e+00]]\n"
     ]
    },
    {
     "name": "stderr",
     "output_type": "stream",
     "text": [
      "  8% (22 of 250) |##                      | Elapsed Time: 0:00:48 ETA:  0:08:45"
     ]
    },
    {
     "name": "stdout",
     "output_type": "stream",
     "text": [
      "invalid speed 1.04790571359 -0.161011331482 [[ 0.99995643 -0.00554496  0.00751009 -0.56106696]\n",
      " [ 0.00557138  0.99997835 -0.00350051 -0.00939804]\n",
      " [-0.00749051  0.00354219  0.99996567 -1.76077964]\n",
      " [ 0.          0.          0.          1.        ]]\n"
     ]
    },
    {
     "name": "stderr",
     "output_type": "stream",
     "text": [
      " 12% (31 of 250) |##                      | Elapsed Time: 0:01:12 ETA:  0:09:26"
     ]
    },
    {
     "name": "stdout",
     "output_type": "stream",
     "text": [
      "invalid speed 3.98356739076 -0.410392809881 [[ 0.99990992  0.0030027  -0.01308165  0.01292043]\n",
      " [-0.00304227  0.99999085 -0.00300589  0.00188621]\n",
      " [ 0.0130725   0.00304541  0.99990991  0.23356182]\n",
      " [ 0.          0.          0.          1.        ]]\n"
     ]
    },
    {
     "name": "stderr",
     "output_type": "stream",
     "text": [
      " 14% (36 of 250) |###                     | Elapsed Time: 0:01:21 ETA:  0:07:14"
     ]
    },
    {
     "name": "stdout",
     "output_type": "stream",
     "text": [
      "invalid speed 1.66715391462 -0.550999315621 [[ 0.9997216   0.02301265 -0.00521014 -0.06694586]\n",
      " [-0.02303395  0.99972642 -0.00406513  0.03033959]\n",
      " [ 0.00511517  0.00418401  0.99997816 -2.88676827]\n",
      " [ 0.          0.          0.          1.        ]]\n"
     ]
    },
    {
     "name": "stderr",
     "output_type": "stream",
     "text": [
      " 15% (38 of 250) |###                     | Elapsed Time: 0:01:26 ETA:  0:06:35"
     ]
    },
    {
     "name": "stdout",
     "output_type": "stream",
     "text": [
      "invalid speed 2.00265682024 0.195482365232 [[  9.99998545e-01  -5.97186317e-04  -1.59808833e-03   3.57725111e-03]\n",
      " [  6.09778003e-04   9.99968685e-01   7.89036500e-03  -1.09419746e-03]\n",
      " [  1.59332627e-03  -7.89132799e-03   9.99967594e-01  -4.63898823e-02]\n",
      " [  0.00000000e+00   0.00000000e+00   0.00000000e+00   1.00000000e+00]]\n"
     ]
    },
    {
     "name": "stderr",
     "output_type": "stream",
     "text": [
      " 17% (43 of 250) |####                    | Elapsed Time: 0:01:35 ETA:  0:06:15"
     ]
    },
    {
     "name": "stdout",
     "output_type": "stream",
     "text": [
      "invalid speed 1.86708110963 -0.632061357983 [[ 0.99991132 -0.01119846  0.00720693 -0.11178389]\n",
      " [ 0.01122959  0.99992773 -0.00429339  0.0279717 ]\n",
      " [-0.00715833  0.00437394  0.99996481 -3.07703373]\n",
      " [ 0.          0.          0.          1.        ]]\n"
     ]
    },
    {
     "name": "stderr",
     "output_type": "stream",
     "text": [
      " 22% (57 of 250) |#####                   | Elapsed Time: 0:01:56 ETA:  0:04:12"
     ]
    },
    {
     "name": "stdout",
     "output_type": "stream",
     "text": [
      "invalid speed 1.0589199053 -0.454876904356 [[ 0.99985405 -0.01670483  0.00358117 -0.18578778]\n",
      " [ 0.01672005  0.99985112 -0.00426442  0.14132404]\n",
      " [-0.0035094   0.00432367  0.99998449 -2.76887022]\n",
      " [ 0.          0.          0.          1.        ]]\n"
     ]
    },
    {
     "name": "stderr",
     "output_type": "stream",
     "text": [
      " 24% (61 of 250) |#####                   | Elapsed Time: 0:02:02 ETA:  0:04:26"
     ]
    },
    {
     "name": "stdout",
     "output_type": "stream",
     "text": [
      "invalid speed 1.16658755645 -0.523683833654 [[  9.99998707e-01  -3.15428613e-04   1.57696204e-03   1.77426048e-01]\n",
      " [  3.31227933e-04   9.99949657e-01  -1.00286313e-02   3.61859377e-01]\n",
      " [ -1.57371934e-03   1.00291407e-02   9.99948469e-01  -2.83002482e+00]\n",
      " [  0.00000000e+00   0.00000000e+00   0.00000000e+00   1.00000000e+00]]\n"
     ]
    },
    {
     "name": "stderr",
     "output_type": "stream",
     "text": [
      " 25% (64 of 250) |######                  | Elapsed Time: 0:02:08 ETA:  0:04:37"
     ]
    },
    {
     "name": "stdout",
     "output_type": "stream",
     "text": [
      "invalid speed 5.35981225932 -0.258699507094 [[ 0.99976249 -0.02132258  0.0045061  -0.61860933]\n",
      " [ 0.02135823  0.99973975 -0.00801657  0.02574196]\n",
      " [-0.004334    0.00811091  0.99995771  2.40220744]\n",
      " [ 0.          0.          0.          1.        ]]\n"
     ]
    },
    {
     "name": "stderr",
     "output_type": "stream",
     "text": [
      " 28% (70 of 250) |######                  | Elapsed Time: 0:02:16 ETA:  0:04:30"
     ]
    },
    {
     "name": "stdout",
     "output_type": "stream",
     "text": [
      "invalid speed 3.00626486851 -0.777705629481 [[  9.99485667e-01  -3.02870293e-02   1.05403149e-02  -7.79552632e-01]\n",
      " [  3.02883326e-02   9.99541203e-01   3.59886555e-05   7.19629520e-01]\n",
      " [ -1.05365690e-02   2.83278419e-04   9.99944449e-01  -2.79920542e+00]\n",
      " [  0.00000000e+00   0.00000000e+00   0.00000000e+00   1.00000000e+00]]\n"
     ]
    },
    {
     "name": "stderr",
     "output_type": "stream",
     "text": [
      " 37% (93 of 250) |########                | Elapsed Time: 0:02:45 ETA:  0:02:10"
     ]
    },
    {
     "name": "stdout",
     "output_type": "stream",
     "text": [
      "invalid speed 0.836890119498 -0.711230096481 [[  9.98572122e-01   2.37198148e-03  -5.33675139e-02   2.23203178e-01]\n",
      " [ -2.93802941e-03   9.99940235e-01  -1.05306487e-02   1.76762379e-01]\n",
      " [  5.33393459e-02   1.06724075e-02   9.98519411e-01  -4.37825514e+00]\n",
      " [  0.00000000e+00   0.00000000e+00   0.00000000e+00   1.00000000e+00]]\n"
     ]
    },
    {
     "name": "stderr",
     "output_type": "stream",
     "text": [
      " 46% (116 of 250) |##########             | Elapsed Time: 0:03:30 ETA:  0:07:20"
     ]
    },
    {
     "name": "stdout",
     "output_type": "stream",
     "text": [
      "invalid speed 1.84170932745 -0.215767194139 [[ 0.94352037  0.05917898 -0.32598645 -0.0265199 ]\n",
      " [-0.07065593  0.99722462 -0.023469   -0.00173913]\n",
      " [ 0.32369285  0.04517635  0.94508309 -0.005319  ]\n",
      " [ 0.          0.          0.          1.        ]]\n"
     ]
    },
    {
     "name": "stderr",
     "output_type": "stream",
     "text": [
      " 47% (119 of 250) |##########             | Elapsed Time: 0:03:46 ETA:  0:08:44"
     ]
    },
    {
     "name": "stdout",
     "output_type": "stream",
     "text": [
      "invalid speed 1.00694365398 -0.0527603143044 [[  9.84142138e-01   2.47994269e-02  -1.75639519e-01   9.49854674e-02]\n",
      " [ -2.51292231e-02   9.99684151e-01   3.46543076e-04  -8.01753390e-02]\n",
      " [  1.75592637e-01   4.07263701e-03   9.84454488e-01  -1.16498542e-01]\n",
      " [  0.00000000e+00   0.00000000e+00   0.00000000e+00   1.00000000e+00]]\n"
     ]
    },
    {
     "name": "stderr",
     "output_type": "stream",
     "text": [
      " 54% (137 of 250) |############           | Elapsed Time: 0:04:45 ETA:  0:04:33"
     ]
    },
    {
     "name": "stdout",
     "output_type": "stream",
     "text": [
      "invalid speed -3.17355071388 -0.461716909175 [[  9.97041539e-01   7.87848543e-04  -7.68605760e-02  -5.07492478e-01]\n",
      " [ -1.52763554e-03   9.99953071e-01  -9.56673188e-03   8.15732757e-01]\n",
      " [  7.68494318e-02   9.65584402e-03   9.96995953e-01  -7.38427667e+00]\n",
      " [  0.00000000e+00   0.00000000e+00   0.00000000e+00   1.00000000e+00]]\n"
     ]
    },
    {
     "name": "stderr",
     "output_type": "stream",
     "text": [
      " 56% (142 of 250) |#############          | Elapsed Time: 0:04:55 ETA:  0:03:15"
     ]
    },
    {
     "name": "stdout",
     "output_type": "stream",
     "text": [
      "invalid speed 0.885625857371 -0.447948502111 [[ 0.99598297  0.01468414 -0.0883306   4.62461216]\n",
      " [-0.01214909  0.99950066  0.02916908 -2.08957358]\n",
      " [ 0.08871481 -0.02797877  0.99566403 -2.59179653]\n",
      " [ 0.          0.          0.          1.        ]]\n"
     ]
    },
    {
     "name": "stderr",
     "output_type": "stream",
     "text": [
      " 64% (162 of 250) |##############         | Elapsed Time: 0:05:26 ETA:  0:02:27"
     ]
    },
    {
     "name": "stdout",
     "output_type": "stream",
     "text": [
      "invalid speed 0.457079173022 -0.519139681009 [[  9.99955803e-01  -8.45133333e-03  -4.11915840e-03  -1.76068286e-03]\n",
      " [  8.45180681e-03   9.99964278e-01   9.75507871e-05  -1.86709112e-01]\n",
      " [  4.11818682e-03  -1.32360807e-04   9.99991511e-01  -4.83840581e+00]\n",
      " [  0.00000000e+00   0.00000000e+00   0.00000000e+00   1.00000000e+00]]\n"
     ]
    },
    {
     "name": "stderr",
     "output_type": "stream",
     "text": [
      " 68% (171 of 250) |###############        | Elapsed Time: 0:05:54 ETA:  0:04:08"
     ]
    },
    {
     "name": "stdout",
     "output_type": "stream",
     "text": [
      "invalid speed 6.39821447057 -0.546160351609 [[  9.99104611e-01   2.51954050e-02  -3.39877699e-02  -5.72262294e-01]\n",
      " [ -2.52056278e-02   9.99682280e-01   1.27720052e-04  -2.74559017e-01]\n",
      " [  3.39801893e-02   7.29077385e-04   9.99422241e-01   2.18811344e+00]\n",
      " [  0.00000000e+00   0.00000000e+00   0.00000000e+00   1.00000000e+00]]\n"
     ]
    },
    {
     "name": "stderr",
     "output_type": "stream",
     "text": [
      " 74% (186 of 250) |#################      | Elapsed Time: 0:06:20 ETA:  0:01:48"
     ]
    },
    {
     "name": "stdout",
     "output_type": "stream",
     "text": [
      "invalid speed 0.150661338356 -0.444531825326 [[ 0.99996946  0.00672549  0.00398033 -0.49061459]\n",
      " [-0.00670081  0.99995844 -0.00618149  0.29817818]\n",
      " [-0.00402174  0.00615463  0.99997297 -3.30933001]\n",
      " [ 0.          0.          0.          1.        ]]\n"
     ]
    },
    {
     "name": "stderr",
     "output_type": "stream",
     "text": [
      " 89% (223 of 250) |####################   | Elapsed Time: 0:08:03 ETA:  0:00:32"
     ]
    },
    {
     "name": "stdout",
     "output_type": "stream",
     "text": [
      "invalid speed 0.326694103203 -0.206653862078 [[ 0.99932665 -0.01596984  0.03303357 -0.00961062]\n",
      " [ 0.01585155  0.99986698  0.00383976  0.15787143]\n",
      " [-0.03309049 -0.00331354  0.99944687 -1.22841491]\n",
      " [ 0.          0.          0.          1.        ]]\n"
     ]
    },
    {
     "name": "stderr",
     "output_type": "stream",
     "text": [
      " 91% (228 of 250) |####################   | Elapsed Time: 0:08:09 ETA:  0:00:23"
     ]
    },
    {
     "name": "stdout",
     "output_type": "stream",
     "text": [
      "invalid speed 0.241597754892 -0.449407886604 [[ 0.99974736 -0.01438128 -0.01727429  0.48150229]\n",
      " [ 0.01479555  0.99960009  0.02409861 -0.49227121]\n",
      " [ 0.01692081 -0.0243481   0.99956033 -2.66293458]\n",
      " [ 0.          0.          0.          1.        ]]\n"
     ]
    },
    {
     "name": "stderr",
     "output_type": "stream",
     "text": [
      " 94% (237 of 250) |#####################  | Elapsed Time: 0:08:24 ETA:  0:00:21"
     ]
    },
    {
     "name": "stdout",
     "output_type": "stream",
     "text": [
      "invalid speed 0.91975472446 -0.142791980264 [[  9.99970002e-01   7.73101380e-03  -4.75238318e-04   3.94765229e-01]\n",
      " [ -7.72238424e-03   9.99841174e-01   1.60621030e-02   2.27894218e-01]\n",
      " [  5.99339177e-04  -1.60579512e-02   9.99870883e-01  -1.18376288e+00]\n",
      " [  0.00000000e+00   0.00000000e+00   0.00000000e+00   1.00000000e+00]]\n"
     ]
    },
    {
     "name": "stderr",
     "output_type": "stream",
     "text": [
      " 98% (245 of 250) |###################### | Elapsed Time: 0:08:35 ETA:  0:00:06"
     ]
    },
    {
     "name": "stdout",
     "output_type": "stream",
     "text": [
      "invalid speed 0.0256403640426 -0.58799235441 [[ 0.99987628 -0.00764026  0.01374977  0.4013756 ]\n",
      " [ 0.007529    0.99993864  0.0081255  -0.21324652]\n",
      " [-0.01381101 -0.00802097  0.99987245 -3.93977162]\n",
      " [ 0.          0.          0.          1.        ]]\n"
     ]
    },
    {
     "name": "stderr",
     "output_type": "stream",
     "text": [
      "100% (250 of 250) |#######################| Elapsed Time: 0:08:39 Time: 0:08:39\n"
     ]
    }
   ],
   "source": [
    "seq = create_sequence(frame, confidence_threshold=1.6)"
   ]
  },
  {
   "cell_type": "raw",
   "metadata": {},
   "source": [
    "cv_keyframes = get_covisible_keyframes(seq.keyframes[2])\n",
    "mappoints = get_mappoints(cv_keyframes)\n",
    "f_keyframes = get_fixed_keyframes(mappoints, cv_keyframes)\n",
    "\n",
    "cv_keyframes_np = keyframes_to_np(cv_keyframes)\n",
    "f_keyframes_np = keyframes_to_np(f_keyframes)\n",
    "mappoints_np = mappoints_to_np(mappoints)\n",
    "links_np = links_to_np(mappoints)\n",
    "\n",
    "np.save('cv_keyframes', cv_keyframes_np)\n",
    "np.save('f_keyframes', f_keyframes_np)\n",
    "np.save('mappoints', mappoints_np)\n",
    "np.save('links', links_np)\n"
   ]
  },
  {
   "cell_type": "code",
   "execution_count": 15,
   "metadata": {},
   "outputs": [
    {
     "data": {
      "text/plain": [
       "58"
      ]
     },
     "execution_count": 15,
     "metadata": {},
     "output_type": "execute_result"
    }
   ],
   "source": [
    "len(seq.keyframes)"
   ]
  },
  {
   "cell_type": "code",
   "execution_count": 13,
   "metadata": {},
   "outputs": [],
   "source": [
    "keyframes_np = keyframes_to_np(seq.keyframes)\n",
    "mappoints = get_mappoints(seq.keyframes)\n",
    "mappoints_np = mappoints_to_np(mappoints)\n",
    "links_np = links_to_np(mappoints)\n",
    "np.save('mappoints_250_17_1.6_1.6', mappoints_np)\n",
    "np.save('links_250_17_1.6_1.6', links_np)\n",
    "np.save('keyframes_250_17_1.6_1.6', keyframes_np)"
   ]
  },
  {
   "cell_type": "code",
   "execution_count": 18,
   "metadata": {},
   "outputs": [
    {
     "data": {
      "text/plain": [
       "array([[  0.00000000e+00,   1.00000000e+00,   0.00000000e+00,\n",
       "          0.00000000e+00,   0.00000000e+00,   0.00000000e+00,\n",
       "          1.00000000e+00,   0.00000000e+00,   0.00000000e+00,\n",
       "          0.00000000e+00,   0.00000000e+00,   1.00000000e+00,\n",
       "          0.00000000e+00,   0.00000000e+00,   0.00000000e+00,\n",
       "          0.00000000e+00,   1.00000000e+00],\n",
       "       [  1.00000000e+00,   9.99225888e-01,  -2.42785046e-02,\n",
       "          3.09544714e-02,  -3.21844139e-01,   2.40421235e-02,\n",
       "          9.99679049e-01,   7.98592986e-03,   3.21183133e-01,\n",
       "         -3.11384230e-02,  -7.23553663e-03,   9.99488892e-01,\n",
       "         -4.73379394e+00,   0.00000000e+00,   0.00000000e+00,\n",
       "          0.00000000e+00,   1.00000000e+00],\n",
       "       [  2.00000000e+00,   9.99803293e-01,   7.21589650e-03,\n",
       "          1.84744949e-02,   7.37591924e-02,  -7.12380507e-03,\n",
       "          9.99961895e-01,  -5.04575504e-03,  -2.24967218e-02,\n",
       "         -1.85102006e-02,   4.91315381e-03,   9.99816600e-01,\n",
       "         -5.68506286e+00,   0.00000000e+00,   0.00000000e+00,\n",
       "          0.00000000e+00,   1.00000000e+00],\n",
       "       [  3.00000000e+00,   9.99961806e-01,  -3.18580042e-03,\n",
       "          8.13864398e-03,   2.26672550e-02,   3.14187636e-03,\n",
       "          9.99980462e-01,   5.40407081e-03,  -2.35861899e-03,\n",
       "         -8.15570126e-03,  -5.37829380e-03,   9.99952278e-01,\n",
       "         -4.42662410e+00,   0.00000000e+00,   0.00000000e+00,\n",
       "          0.00000000e+00,   1.00000000e+00],\n",
       "       [  4.00000000e+00,   9.99994749e-01,  -3.81468060e-04,\n",
       "          3.21803907e-03,   5.28372973e-02,   3.92499915e-04,\n",
       "          9.99994047e-01,  -3.42819480e-03,   2.90313111e-02,\n",
       "         -3.21671217e-03,   3.42943988e-03,   9.99988946e-01,\n",
       "         -2.80868536e+00,   0.00000000e+00,   0.00000000e+00,\n",
       "          0.00000000e+00,   1.00000000e+00],\n",
       "       [  5.00000000e+00,   9.99978327e-01,   4.10113734e-03,\n",
       "          5.15030165e-03,  -1.25233619e-01,  -4.07340516e-03,\n",
       "          9.99977212e-01,  -5.38356958e-03,   1.46658262e-01,\n",
       "         -5.17226305e-03,   5.36247364e-03,   9.99972245e-01,\n",
       "         -4.42942751e+00,   0.00000000e+00,   0.00000000e+00,\n",
       "          0.00000000e+00,   1.00000000e+00],\n",
       "       [  6.00000000e+00,   9.99988791e-01,  -1.14680785e-03,\n",
       "         -4.59368299e-03,  -8.48333540e-02,   1.12644972e-03,\n",
       "          9.99989545e-01,  -4.43190548e-03,   2.85090676e-02,\n",
       "          4.59871751e-03,   4.42668125e-03,   9.99979628e-01,\n",
       "         -3.75000557e+00,   0.00000000e+00,   0.00000000e+00,\n",
       "          0.00000000e+00,   1.00000000e+00],\n",
       "       [  7.00000000e+00,   9.99987929e-01,   4.61237565e-03,\n",
       "         -1.69329375e-03,  -1.01793559e-01,  -4.61497949e-03,\n",
       "          9.99988170e-01,  -1.53706281e-03,   4.39867663e-02,\n",
       "          1.68618421e-03,   1.54485877e-03,   9.99997385e-01,\n",
       "         -4.55392219e+00,   0.00000000e+00,   0.00000000e+00,\n",
       "          0.00000000e+00,   1.00000000e+00],\n",
       "       [  8.00000000e+00,   9.99953154e-01,   9.16387273e-03,\n",
       "          3.11670397e-03,  -5.21737672e-02,  -9.17822280e-03,\n",
       "          9.99947199e-01,   4.62153689e-03,   1.06667046e-02,\n",
       "         -3.07418823e-03,  -4.64992619e-03,   9.99984464e-01,\n",
       "         -2.04904670e+00,   0.00000000e+00,   0.00000000e+00,\n",
       "          0.00000000e+00,   1.00000000e+00],\n",
       "       [  9.00000000e+00,   9.99922679e-01,  -9.44552697e-03,\n",
       "          8.08817185e-03,  -1.72326252e-01,   9.45155799e-03,\n",
       "          9.99955083e-01,  -7.07759933e-04,   3.02256924e-02,\n",
       "         -8.08112338e-03,   7.84151033e-04,   9.99967040e-01,\n",
       "         -4.94411484e+00,   0.00000000e+00,   0.00000000e+00,\n",
       "          0.00000000e+00,   1.00000000e+00],\n",
       "       [  1.00000000e+01,   9.99984252e-01,  -5.50879433e-03,\n",
       "          1.07191820e-03,   3.85623486e-02,   5.51700199e-03,\n",
       "          9.99954275e-01,  -7.81092254e-03,   3.75187066e-02,\n",
       "         -1.02884042e-03,   7.81671331e-03,   9.99968920e-01,\n",
       "         -3.19329284e+00,   0.00000000e+00,   0.00000000e+00,\n",
       "          0.00000000e+00,   1.00000000e+00],\n",
       "       [  1.10000000e+01,   9.99998780e-01,  -8.13709366e-04,\n",
       "          1.33337854e-03,  -1.03920798e-01,   8.07628969e-04,\n",
       "          9.99989303e-01,   4.55435400e-03,   2.05503920e-02,\n",
       "         -1.33707019e-03,  -4.55327157e-03,   9.99988740e-01,\n",
       "         -2.80980283e+00,   0.00000000e+00,   0.00000000e+00,\n",
       "          0.00000000e+00,   1.00000000e+00],\n",
       "       [  1.20000000e+01,   9.99995472e-01,  -2.59663500e-04,\n",
       "          2.99801601e-03,   1.53731677e-02,   2.58616504e-04,\n",
       "          9.99999905e-01,   3.49611687e-04,   7.88602890e-02,\n",
       "         -2.99810650e-03,  -3.48834767e-04,   9.99995445e-01,\n",
       "         -3.91207348e+00,   0.00000000e+00,   0.00000000e+00,\n",
       "          0.00000000e+00,   1.00000000e+00],\n",
       "       [  1.30000000e+01,   9.99998519e-01,  -2.57900068e-04,\n",
       "          1.70150089e-03,  -9.28826824e-03,   2.60164492e-04,\n",
       "          9.99999081e-01,  -1.33075232e-03,   7.09949320e-02,\n",
       "         -1.70115612e-03,   1.33119302e-03,   9.99997667e-01,\n",
       "         -3.82779012e+00,   0.00000000e+00,   0.00000000e+00,\n",
       "          0.00000000e+00,   1.00000000e+00],\n",
       "       [  1.40000000e+01,   9.99951536e-01,   9.65198861e-03,\n",
       "          1.94007613e-03,   3.41149126e-03,  -9.65207372e-03,\n",
       "          9.99953417e-01,   3.45088821e-05,   9.06748946e-02,\n",
       "         -1.93965268e-03,  -5.32329675e-05,   9.99998117e-01,\n",
       "         -3.99661237e+00,   0.00000000e+00,   0.00000000e+00,\n",
       "          0.00000000e+00,   1.00000000e+00],\n",
       "       [  1.50000000e+01,   9.99989149e-01,   4.11762359e-03,\n",
       "          2.17884701e-03,  -1.71185575e-02,  -4.09197739e-03,\n",
       "          9.99923800e-01,  -1.16469090e-02,   6.40557196e-02,\n",
       "         -2.22663857e-03,   1.16378668e-02,   9.99929799e-01,\n",
       "         -2.95760482e+00,   0.00000000e+00,   0.00000000e+00,\n",
       "          0.00000000e+00,   1.00000000e+00],\n",
       "       [  1.60000000e+01,   9.99910588e-01,  -1.11406365e-02,\n",
       "          7.39607290e-03,  -2.06606110e-02,   1.10473871e-02,\n",
       "          9.99860451e-01,   1.25313180e-02,  -5.34098676e-03,\n",
       "         -7.53464765e-03,  -1.24484903e-02,   9.99894126e-01,\n",
       "         -5.80547029e+00,   0.00000000e+00,   0.00000000e+00,\n",
       "          0.00000000e+00,   1.00000000e+00],\n",
       "       [  1.70000000e+01,   9.99966613e-01,  -2.60154942e-03,\n",
       "          7.74627147e-03,   5.56901893e-02,   2.65159279e-03,\n",
       "          9.99975637e-01,  -6.45707040e-03,   1.68999866e-01,\n",
       "         -7.72928437e-03,   6.47739478e-03,   9.99949149e-01,\n",
       "         -5.26671870e+00,   0.00000000e+00,   0.00000000e+00,\n",
       "          0.00000000e+00,   1.00000000e+00],\n",
       "       [  1.80000000e+01,   9.99952462e-01,  -7.16470982e-03,\n",
       "          6.61370844e-03,   1.63384483e-02,   7.09059934e-03,\n",
       "          9.99912565e-01,   1.11618335e-02,   3.29492607e-02,\n",
       "         -6.69310147e-03,  -1.11144078e-02,   9.99915833e-01,\n",
       "         -3.94136441e+00,   0.00000000e+00,   0.00000000e+00,\n",
       "          0.00000000e+00,   1.00000000e+00],\n",
       "       [  1.90000000e+01,   9.99976410e-01,   6.08219261e-03,\n",
       "          3.19168512e-03,  -1.25049391e-02,  -6.09609922e-03,\n",
       "          9.99971889e-01,   4.36564762e-03,   3.40830734e-02,\n",
       "         -3.16504269e-03,  -4.38500146e-03,   9.99985377e-01,\n",
       "         -3.41082351e+00,   0.00000000e+00,   0.00000000e+00,\n",
       "          0.00000000e+00,   1.00000000e+00],\n",
       "       [  2.00000000e+01,   9.99249433e-01,   9.12355473e-03,\n",
       "         -3.76474494e-02,   2.01917533e-01,  -9.46283460e-03,\n",
       "          9.99916118e-01,  -8.84369825e-03,   1.05387982e-01,\n",
       "          3.75636055e-02,   9.19331206e-03,   9.99251949e-01,\n",
       "         -5.21514526e+00,   0.00000000e+00,   0.00000000e+00,\n",
       "          0.00000000e+00,   1.00000000e+00],\n",
       "       [  2.10000000e+01,   9.74530262e-01,  -5.52749140e-03,\n",
       "         -2.24187904e-01,   4.16917076e-01,   4.28947066e-03,\n",
       "          9.99972746e-01,  -6.00889600e-03,   4.38584266e-02,\n",
       "          2.24215008e-01,   4.89420355e-03,   9.74527412e-01,\n",
       "         -3.61767863e+00,   0.00000000e+00,   0.00000000e+00,\n",
       "          0.00000000e+00,   1.00000000e+00],\n",
       "       [  2.20000000e+01,   9.43605506e-01,   1.24267616e-02,\n",
       "         -3.30838669e-01,   2.15915208e-01,  -1.43212107e-02,\n",
       "          9.99892037e-01,  -3.28907542e-03,   2.39817608e-01,\n",
       "          3.30762078e-01,   7.84159996e-03,   9.43681597e-01,\n",
       "         -2.33932658e+00,   0.00000000e+00,   0.00000000e+00,\n",
       "          0.00000000e+00,   1.00000000e+00],\n",
       "       [  2.30000000e+01,   9.66446703e-01,   4.57989024e-03,\n",
       "         -2.56826390e-01,  -1.64018509e-02,  -4.99805606e-03,\n",
       "          9.99987034e-01,  -9.75460300e-04,   2.02663057e-02,\n",
       "          2.56818592e-01,   2.22636308e-03,   9.66457063e-01,\n",
       "         -1.54230739e+00,   0.00000000e+00,   0.00000000e+00,\n",
       "          0.00000000e+00,   1.00000000e+00],\n",
       "       [  2.40000000e+01,   9.54990562e-01,  -1.23485506e-03,\n",
       "         -2.96633616e-01,   9.36335454e-02,   1.50748536e-03,\n",
       "          9.99998625e-01,   6.90349689e-04,   2.23380622e-02,\n",
       "          2.96632356e-01,  -1.10644827e-03,   9.54991110e-01,\n",
       "         -1.84702833e+00,   0.00000000e+00,   0.00000000e+00,\n",
       "          0.00000000e+00,   1.00000000e+00],\n",
       "       [  2.50000000e+01,   9.89866968e-01,   2.05628478e-02,\n",
       "         -1.40501083e-01,  -7.79253388e-02,  -2.04148010e-02,\n",
       "          9.99788483e-01,   2.49507839e-03,   6.20987996e-03,\n",
       "          1.40522671e-01,   3.98505967e-04,   9.90077381e-01,\n",
       "         -1.12344220e+00,   0.00000000e+00,   0.00000000e+00,\n",
       "          0.00000000e+00,   1.00000000e+00],\n",
       "       [  2.60000000e+01,   9.94480007e-01,  -8.82600534e-03,\n",
       "         -1.04554378e-01,  -8.48757093e-03,   9.39677821e-03,\n",
       "          9.99943509e-01,   4.96776236e-03,   1.23065492e-02,\n",
       "          1.04504626e-01,  -5.92281465e-03,   9.94506764e-01,\n",
       "         -1.14279893e+00,   0.00000000e+00,   0.00000000e+00,\n",
       "          0.00000000e+00,   1.00000000e+00],\n",
       "       [  2.70000000e+01,   9.87195372e-01,   6.21791149e-03,\n",
       "         -1.59394590e-01,   5.59148640e-01,  -5.05650348e-03,\n",
       "          9.99957640e-01,   7.69092144e-03,   7.27616768e-01,\n",
       "          1.59435659e-01,  -6.78646276e-03,   9.87184995e-01,\n",
       "         -2.68534134e+00,   0.00000000e+00,   0.00000000e+00,\n",
       "          0.00000000e+00,   1.00000000e+00],\n",
       "       [  2.80000000e+01,   9.95508584e-01,   1.26009620e-02,\n",
       "         -9.38289618e-02,   1.30549165e+00,  -1.28033440e-02,\n",
       "          9.99916824e-01,  -1.55522268e-03,  -2.18952997e-02,\n",
       "          9.38015602e-02,   2.74956200e-03,   9.95587117e-01,\n",
       "         -4.21072596e+00,   0.00000000e+00,   0.00000000e+00,\n",
       "          0.00000000e+00,   1.00000000e+00],\n",
       "       [  2.90000000e+01,   9.99863266e-01,   9.79340654e-03,\n",
       "         -1.33243510e-02,  -1.91924396e-02,  -9.80711143e-03,\n",
       "          9.99951445e-01,  -9.63607357e-04,   4.67181398e-02,\n",
       "          1.33142670e-02,   1.09414899e-03,   9.99910763e-01,\n",
       "         -3.47742238e+00,   0.00000000e+00,   0.00000000e+00,\n",
       "          0.00000000e+00,   1.00000000e+00],\n",
       "       [  3.00000000e+01,   9.99181954e-01,   2.81924676e-03,\n",
       "          4.03419671e-02,  -1.06165794e+00,  -2.55474561e-03,\n",
       "          9.99974913e-01,  -6.60652775e-03,   1.21466933e-01,\n",
       "         -4.03595804e-02,   6.49805984e-03,   9.99164090e-01,\n",
       "         -5.78561975e+00,   0.00000000e+00,   0.00000000e+00,\n",
       "          0.00000000e+00,   1.00000000e+00],\n",
       "       [  3.10000000e+01,   9.99528524e-01,  -2.52929612e-02,\n",
       "          1.74067678e-02,  -2.60313440e-01,   2.51370303e-02,\n",
       "          9.99642420e-01,   9.11933534e-03,   2.53760186e-02,\n",
       "         -1.76311984e-02,  -8.67748134e-03,   9.99806902e-01,\n",
       "         -4.62639492e+00,   0.00000000e+00,   0.00000000e+00,\n",
       "          0.00000000e+00,   1.00000000e+00],\n",
       "       [  3.20000000e+01,   9.99809491e-01,  -1.95024674e-02,\n",
       "         -7.97290327e-04,  -2.25422021e-02,   1.94973122e-02,\n",
       "          9.99791724e-01,  -6.03015249e-03,   2.18806488e-01,\n",
       "          9.14727123e-04,   6.01345867e-03,   9.99981501e-01,\n",
       "         -5.29548498e+00,   0.00000000e+00,   0.00000000e+00,\n",
       "          0.00000000e+00,   1.00000000e+00],\n",
       "       [  3.30000000e+01,   9.99726411e-01,  -6.55223121e-03,\n",
       "         -2.24537570e-02,   6.19765426e-02,   6.42890471e-03,\n",
       "          9.99963876e-01,  -5.56025794e-03,   5.10401711e-02,\n",
       "          2.24893779e-02,   5.41438365e-03,   9.99732420e-01,\n",
       "         -3.40409363e+00,   0.00000000e+00,   0.00000000e+00,\n",
       "          0.00000000e+00,   1.00000000e+00],\n",
       "       [  3.40000000e+01,   9.98753260e-01,  -1.51883458e-04,\n",
       "         -4.99189618e-02,   5.44586501e-02,   7.07041168e-05,\n",
       "          9.99998672e-01,  -1.62798435e-03,   9.90767871e-02,\n",
       "          4.99191428e-02,   1.62242521e-03,   9.98751945e-01,\n",
       "         -4.21010103e+00,   0.00000000e+00,   0.00000000e+00,\n",
       "          0.00000000e+00,   1.00000000e+00],\n",
       "       [  3.50000000e+01,   9.98176790e-01,   3.42188548e-03,\n",
       "         -6.02609797e-02,   4.18821599e-02,  -3.11158203e-03,\n",
       "          9.99981417e-01,   5.24241273e-03,   9.33998027e-03,\n",
       "          6.02777988e-02,  -5.04534773e-03,   9.98168889e-01,\n",
       "         -4.64191067e+00,   0.00000000e+00,   0.00000000e+00,\n",
       "          0.00000000e+00,   1.00000000e+00],\n",
       "       [  3.60000000e+01,   9.99497737e-01,   6.64551102e-03,\n",
       "         -3.09856478e-02,   4.82911459e-02,  -6.78168993e-03,\n",
       "          9.99967794e-01,  -4.29188206e-03,   1.00458680e-01,\n",
       "          3.09561281e-02,   4.49986146e-03,   9.99510615e-01,\n",
       "         -3.00396281e+00,   0.00000000e+00,   0.00000000e+00,\n",
       "          0.00000000e+00,   1.00000000e+00],\n",
       "       [  3.70000000e+01,   9.99968387e-01,  -8.56147281e-04,\n",
       "         -7.90520515e-03,  -1.97272525e-02,   8.13741707e-04,\n",
       "          9.99985272e-01,  -5.36591893e-03,   1.37879213e-01,\n",
       "          7.90968274e-03,   5.35931651e-03,   9.99954356e-01,\n",
       "         -3.45999135e+00,   0.00000000e+00,   0.00000000e+00,\n",
       "          0.00000000e+00,   1.00000000e+00],\n",
       "       [  3.80000000e+01,   9.96758008e-01,   2.88244905e-04,\n",
       "          8.04573788e-02,  -1.53276929e-01,  -8.15376035e-04,\n",
       "          9.99978419e-01,   6.51890374e-03,   1.07529756e-01,\n",
       "         -8.04537634e-02,  -6.56337253e-03,   9.96736733e-01,\n",
       "         -4.27425031e+00,   0.00000000e+00,   0.00000000e+00,\n",
       "          0.00000000e+00,   1.00000000e+00],\n",
       "       [  3.90000000e+01,   9.85824088e-01,  -5.09361491e-03,\n",
       "          1.67704869e-01,  -1.14999222e-01,   5.48005401e-03,\n",
       "          9.99983289e-01,  -1.84156521e-03,   3.31498533e-02,\n",
       "         -1.67692686e-01,   2.73449108e-03,   9.85835527e-01,\n",
       "         -2.63395240e+00,   0.00000000e+00,   0.00000000e+00,\n",
       "          0.00000000e+00,   1.00000000e+00],\n",
       "       [  4.00000000e+01,   9.78708114e-01,  -6.16971729e-03,\n",
       "          2.05164232e-01,  -6.72841441e-02,   8.70802852e-03,\n",
       "          9.99896282e-01,  -1.14714966e-02,   7.48948474e-02,\n",
       "         -2.05072177e-01,   1.30138228e-02,   9.78660331e-01,\n",
       "         -1.99915320e+00,   0.00000000e+00,   0.00000000e+00,\n",
       "          0.00000000e+00,   1.00000000e+00],\n",
       "       [  4.10000000e+01,   9.98001780e-01,   3.10339154e-03,\n",
       "          6.31095631e-02,   1.65652343e-02,  -3.20013388e-03,\n",
       "          9.99993854e-01,   1.43190397e-03,   1.14019017e-02,\n",
       "         -6.31047315e-02,  -1.63100176e-03,   9.98005577e-01,\n",
       "         -4.94771574e-01,   0.00000000e+00,   0.00000000e+00,\n",
       "          0.00000000e+00,   1.00000000e+00],\n",
       "       [  4.20000000e+01,   9.97755547e-01,   1.88991250e-03,\n",
       "          6.69350223e-02,   1.56881515e-02,  -2.20887082e-03,\n",
       "          9.99986555e-01,   4.69150548e-03,   2.36261741e-03,\n",
       "         -6.69252559e-02,  -4.82882643e-03,   9.97746307e-01,\n",
       "         -4.89073647e-01,   0.00000000e+00,   0.00000000e+00,\n",
       "          0.00000000e+00,   1.00000000e+00],\n",
       "       [  4.30000000e+01,   9.97731629e-01,   3.12707339e-03,\n",
       "          6.72444599e-02,   3.84341322e-02,  -3.58641704e-03,\n",
       "          9.99971048e-01,   6.71131656e-03,  -1.57735787e-02,\n",
       "         -6.72215262e-02,  -6.93725948e-03,   9.97713957e-01,\n",
       "         -4.70813849e-01,   0.00000000e+00,   0.00000000e+00,\n",
       "          0.00000000e+00,   1.00000000e+00],\n",
       "       [  4.40000000e+01,   9.97596746e-01,  -2.24936249e-03,\n",
       "          6.92507952e-02,   4.11586049e-02,   1.98677586e-03,\n",
       "          9.99990575e-01,   3.86046342e-03,  -4.11875276e-03,\n",
       "         -6.92588261e-02,  -3.71359994e-03,   9.97591812e-01,\n",
       "         -4.60924136e-01,   0.00000000e+00,   0.00000000e+00,\n",
       "          0.00000000e+00,   1.00000000e+00],\n",
       "       [  4.50000000e+01,   9.97460317e-01,  -2.60269615e-03,\n",
       "          7.11768311e-02,   2.52334847e-02,   2.31074829e-03,\n",
       "          9.99988578e-01,   4.18375886e-03,  -2.46365755e-02,\n",
       "         -7.11869072e-02,  -4.00866170e-03,   9.97454939e-01,\n",
       "         -4.44729911e-01,   0.00000000e+00,   0.00000000e+00,\n",
       "          0.00000000e+00,   1.00000000e+00],\n",
       "       [  4.60000000e+01,   9.97505996e-01,   2.32302740e-03,\n",
       "          7.05435367e-02,   2.13927068e-02,  -1.89524217e-03,\n",
       "          9.99979413e-01,  -6.13045734e-03,   8.95524314e-02,\n",
       "         -7.05563256e-02,   5.98147088e-03,   9.97489863e-01,\n",
       "         -4.73034530e-01,   0.00000000e+00,   0.00000000e+00,\n",
       "          0.00000000e+00,   1.00000000e+00],\n",
       "       [  4.70000000e+01,   9.90791908e-01,  -3.08364517e-04,\n",
       "          1.35393131e-01,   6.77475305e-02,   9.14516344e-04,\n",
       "          9.99989837e-01,  -4.41480306e-03,   4.89849300e-03,\n",
       "         -1.35390394e-01,   4.49797038e-03,   9.90782120e-01,\n",
       "         -9.55129788e-01,   0.00000000e+00,   0.00000000e+00,\n",
       "          0.00000000e+00,   1.00000000e+00],\n",
       "       [  4.80000000e+01,   9.91207361e-01,  -2.29047468e-03,\n",
       "          1.32297852e-01,   5.11879996e-02,   3.75022743e-03,\n",
       "          9.99934800e-01,  -1.07857208e-02,   6.44105006e-03,\n",
       "         -1.32264521e-01,   1.11870329e-02,   9.91151324e-01,\n",
       "         -8.78481080e-01,   0.00000000e+00,   0.00000000e+00,\n",
       "          0.00000000e+00,   1.00000000e+00],\n",
       "       [  4.90000000e+01,   9.93029672e-01,  -1.57708059e-03,\n",
       "          1.17854078e-01,   5.81166189e-02,   3.00452514e-03,\n",
       "          9.99924258e-01,  -1.19352804e-02,   2.97274170e-02,\n",
       "         -1.17826329e-01,   1.22061832e-02,   9.92959196e-01,\n",
       "         -8.70994882e-01,   0.00000000e+00,   0.00000000e+00,\n",
       "          0.00000000e+00,   1.00000000e+00],\n",
       "       [  5.00000000e+01,   9.91615406e-01,  -1.26723024e-02,\n",
       "          1.28601323e-01,   1.32997950e-01,   1.31106316e-02,\n",
       "          9.99910769e-01,  -2.56243600e-03,   6.19098493e-02,\n",
       "         -1.28557376e-01,   4.22699558e-03,   9.91693064e-01,\n",
       "         -1.54272748e+00,   0.00000000e+00,   0.00000000e+00,\n",
       "          0.00000000e+00,   1.00000000e+00],\n",
       "       [  5.10000000e+01,   9.97483177e-01,   5.61601656e-03,\n",
       "          7.06807771e-02,   2.23207222e-02,  -5.66211273e-03,\n",
       "          9.99983868e-01,   4.51837586e-04,   1.97858027e-02,\n",
       "         -7.06770994e-02,  -8.50902919e-04,   9.97498884e-01,\n",
