{
 "cells": [
  {
   "cell_type": "code",
   "execution_count": 1,
   "metadata": {
    "collapsed": true
   },
   "outputs": [],
   "source": [
    "from progressbar import ProgressBar\n",
    "from urb_zed import *\n",
    "import cv2\n",
    "%matplotlib inline"
   ]
  },
  {
   "cell_type": "markdown",
   "metadata": {},
   "source": [
    "Read frames from KITTI sequence 00 into a list of frames (frame)."
   ]
  },
  {
   "cell_type": "code",
   "execution_count": 2,
   "metadata": {},
   "outputs": [
    {
     "name": "stderr",
     "output_type": "stream",
     "text": [
      "  3% (3 of 99) |                          | Elapsed Time: 0:00:01 ETA:  0:00:34"
     ]
    },
    {
     "name": "stdout",
     "output_type": "stream",
     "text": [
      "[[  9.99999677e-01   7.77542991e-04   2.03608905e-04  -2.54262111e-03]\n",
      " [ -7.77531296e-04   9.99999696e-01  -5.75154166e-05   2.94220695e-04]\n",
      " [ -2.03653564e-04   5.73570858e-05   9.99999978e-01   6.72305008e-03]\n",
      " [  0.00000000e+00   0.00000000e+00   0.00000000e+00   1.00000000e+00]]\n",
      "[[  9.99999027e-01   1.39265556e-03   7.99257172e-05  -2.45284931e-03]\n",
      " [ -1.39270551e-03   9.99998833e-01   6.28439281e-04  -5.32613938e-04]\n",
      " [ -7.90504245e-05  -6.28549982e-04   9.99999799e-01   9.13503688e-03]\n",
      " [  0.00000000e+00   0.00000000e+00   0.00000000e+00   1.00000000e+00]]\n"
     ]
    },
    {
     "name": "stderr",
     "output_type": "stream",
     "text": [
      "  5% (5 of 99) |#                         | Elapsed Time: 0:00:01 ETA:  0:00:26"
     ]
    },
    {
     "name": "stdout",
     "output_type": "stream",
     "text": [
      "[[  9.99999879e-01  -4.25123374e-04  -2.49406903e-04   3.22657212e-03]\n",
      " [  4.24914671e-04   9.99999560e-01  -8.36253719e-04   4.58313406e-03]\n",
      " [  2.49762304e-04   8.36147640e-04   9.99999619e-01  -1.12198102e-02]\n",
      " [  0.00000000e+00   0.00000000e+00   0.00000000e+00   1.00000000e+00]]\n",
      "[[  9.99999855e-01   4.63564333e-04   2.74185376e-04  -1.24381369e-03]\n",
      " [ -4.63504111e-04   9.99999868e-01  -2.19663873e-04   2.93586766e-03]\n",
      " [ -2.74287169e-04   2.19536755e-04   9.99999938e-01   8.27099753e-03]\n",
      " [  0.00000000e+00   0.00000000e+00   0.00000000e+00   1.00000000e+00]]\n"
     ]
    },
    {
     "name": "stderr",
     "output_type": "stream",
     "text": [
      "  7% (7 of 99) |#                         | Elapsed Time: 0:00:01 ETA:  0:00:22"
     ]
    },
    {
     "name": "stdout",
     "output_type": "stream",
     "text": [
      "[[  9.99999378e-01  -1.11198192e-03   8.19699468e-05   2.59385416e-04]\n",
      " [  1.11199226e-03   9.99999374e-01  -1.26236803e-04   2.26621850e-03]\n",
      " [ -8.18295224e-05   1.26327875e-04   9.99999989e-01   5.91081301e-04]\n",
      " [  0.00000000e+00   0.00000000e+00   0.00000000e+00   1.00000000e+00]]\n",
      "[[  9.99999501e-01  -9.76192777e-04   2.10553152e-04  -2.48006849e-03]\n",
      " [  9.75972955e-04   9.99998981e-01   1.04161005e-03  -4.74302728e-03]\n",
      " [ -2.11569750e-04  -1.04140404e-03   9.99999435e-01   9.01110554e-03]\n",
      " [  0.00000000e+00   0.00000000e+00   0.00000000e+00   1.00000000e+00]]\n"
     ]
    },
    {
     "name": "stderr",
     "output_type": "stream",
     "text": [
      "  9% (9 of 99) |##                        | Elapsed Time: 0:00:01 ETA:  0:00:19"
     ]
    },
    {
     "name": "stdout",
     "output_type": "stream",
     "text": [
      "[[  9.99996414e-01   2.55624756e-03  -7.97999209e-04   1.75385502e-03]\n",
      " [ -2.55503645e-03   9.99995588e-01   1.51504086e-03  -1.05759513e-02]\n",
      " [  8.01868508e-04  -1.51299651e-03   9.99998534e-01   7.33960219e-03]\n",
      " [  0.00000000e+00   0.00000000e+00   0.00000000e+00   1.00000000e+00]]\n",
      "[[ 0.99999824  0.00152949 -0.00108645  0.00461105]\n",
      " [-0.00152823  0.99999816  0.0011632  -0.00700415]\n",
      " [ 0.00108822 -0.00116154  0.99999873 -0.00656437]\n",
      " [ 0.          0.          0.          1.        ]]\n"
     ]
    },
    {
     "name": "stderr",
     "output_type": "stream",
     "text": [
      " 11% (11 of 99) |##                       | Elapsed Time: 0:00:02 ETA:  0:00:13"
     ]
    },
    {
     "name": "stdout",
     "output_type": "stream",
     "text": [
      "[[  9.99999403e-01  -1.09278660e-03  -2.80354715e-05  -1.30783582e-03]\n",
      " [  1.09276970e-03   9.99999226e-01  -5.95663264e-04   6.23270625e-04]\n",
      " [  2.86863826e-05   5.95632272e-04   9.99999822e-01   6.77586400e-03]\n",
      " [  0.00000000e+00   0.00000000e+00   0.00000000e+00   1.00000000e+00]]\n",
      "[[  9.99999875e-01  -4.99127052e-04   2.01979570e-05  -6.93710572e-04]\n",
      " [  4.99121754e-04   9.99999841e-01   2.61463384e-04   2.72158904e-03]\n",
      " [ -2.03284572e-05  -2.61453270e-04   9.99999966e-01   9.72914343e-03]\n",
      " [  0.00000000e+00   0.00000000e+00   0.00000000e+00   1.00000000e+00]]\n"
     ]
    },
    {
     "name": "stderr",
     "output_type": "stream",
     "text": [
      " 13% (13 of 99) |###                      | Elapsed Time: 0:00:02 ETA:  0:00:13"
     ]
    },
    {
     "name": "stdout",
     "output_type": "stream",
     "text": [
      "[[  9.99999843e-01   2.01427220e-04  -5.23744135e-04   1.32510169e-03]\n",
      " [ -2.01500369e-04   9.99999970e-01  -1.39617374e-04  -3.08393728e-04]\n",
      " [  5.23715997e-04   1.39722887e-04   9.99999853e-01  -1.46232054e-03]\n",
      " [  0.00000000e+00   0.00000000e+00   0.00000000e+00   1.00000000e+00]]\n",
      "[[  9.99999007e-01   1.20688980e-03  -7.28237537e-04   2.44531165e-03]\n",
      " [ -1.20666071e-03   9.99999222e-01   3.14948062e-04  -2.44523720e-03]\n",
      " [  7.28617079e-04  -3.14069013e-04   9.99999685e-01  -8.74470196e-03]\n",
      " [  0.00000000e+00   0.00000000e+00   0.00000000e+00   1.00000000e+00]]\n"
     ]
    },
    {
     "name": "stderr",
     "output_type": "stream",
     "text": [
      " 15% (15 of 99) |###                      | Elapsed Time: 0:00:02 ETA:  0:00:12"
     ]
    },
    {
     "name": "stdout",
     "output_type": "stream",
     "text": [
      "[[  9.99998525e-01   9.49568827e-04  -1.43150011e-03   6.81684017e-03]\n",
      " [ -9.50215572e-04   9.99999447e-01  -4.51182960e-04  -8.03833177e-04]\n",
      " [  1.43107089e-03   4.52542528e-04   9.99998874e-01  -1.74494862e-02]\n",
      " [  0.00000000e+00   0.00000000e+00   0.00000000e+00   1.00000000e+00]]\n",
      "[[  9.99999629e-01   7.47376586e-04  -4.29105702e-04   1.83187779e-03]\n",
      " [ -7.47701305e-04   9.99999434e-01  -7.57072229e-04   7.75434279e-03]\n",
      " [  4.28539641e-04   7.57392791e-04   9.99999621e-01   1.57038332e-03]\n",
      " [  0.00000000e+00   0.00000000e+00   0.00000000e+00   1.00000000e+00]]\n"
     ]
    },
    {
     "name": "stderr",
     "output_type": "stream",
     "text": [
      " 17% (17 of 99) |####                     | Elapsed Time: 0:00:03 ETA:  0:00:12"
     ]
    },
    {
     "name": "stdout",
     "output_type": "stream",
     "text": [
      "[[  9.99998695e-01   1.61096072e-03  -1.18819194e-04  -3.23802681e-03]\n",
      " [ -1.61081848e-03   9.99997997e-01   1.18765498e-03  -1.04729559e-02]\n",
      " [  1.20732222e-04  -1.18746203e-03   9.99999288e-01   7.83030743e-03]\n",
      " [  0.00000000e+00   0.00000000e+00   0.00000000e+00   1.00000000e+00]]\n",
      "[[  9.99997992e-01   1.60120975e-03  -1.20479587e-03   3.81718408e-03]\n",
      " [ -1.60054929e-03   9.99998568e-01   5.48954102e-04  -1.69328002e-03]\n",
      " [  1.20567313e-03  -5.47024665e-04   9.99999124e-01  -2.66636740e-03]\n",
      " [  0.00000000e+00   0.00000000e+00   0.00000000e+00   1.00000000e+00]]\n"
     ]
    },
    {
     "name": "stderr",
     "output_type": "stream",
     "text": [
      " 19% (19 of 99) |####                     | Elapsed Time: 0:00:03 ETA:  0:00:12"
     ]
    },
    {
     "name": "stdout",
     "output_type": "stream",
     "text": [
      "[[  9.99999961e-01   1.10916996e-04  -2.55912356e-04  -1.57359952e-03]\n",
      " [ -1.11278525e-04   9.99998995e-01  -1.41312186e-03   8.59912894e-03]\n",
      " [  2.55755360e-04   1.41315028e-03   9.99998969e-01   1.56853079e-03]\n",
      " [  0.00000000e+00   0.00000000e+00   0.00000000e+00   1.00000000e+00]]\n",
      "[[ 0.99999872  0.001089   -0.00116913  0.00317337]\n",
      " [-0.00109073  0.99999831 -0.00147902  0.00981252]\n",
      " [ 0.00116752  0.00148029  0.99999822 -0.00196949]\n",
      " [ 0.          0.          0.          1.        ]]\n"
     ]
    },
    {
     "name": "stderr",
     "output_type": "stream",
     "text": [
      " 21% (21 of 99) |#####                    | Elapsed Time: 0:00:03 ETA:  0:00:11"
     ]
    },
    {
     "name": "stdout",
     "output_type": "stream",
     "text": [
      "[[ 0.99998842  0.00465431 -0.00122319  0.00289571]\n",
      " [-0.00465279  0.9999884   0.00124202 -0.00516204]\n",
      " [ 0.00122895 -0.00123631  0.99999848  0.00246838]\n",
      " [ 0.          0.          0.          1.        ]]\n",
      "[[  9.99999097e-01   7.48056729e-04  -1.11615307e-03   2.76061463e-03]\n",
      " [ -7.48504295e-04   9.99999640e-01  -4.00626068e-04   1.24778157e-03]\n",
      " [  1.11585298e-03   4.01461152e-04   9.99999297e-01  -4.69827065e-03]\n",
      " [  0.00000000e+00   0.00000000e+00   0.00000000e+00   1.00000000e+00]]\n"
     ]
    },
    {
     "name": "stderr",
     "output_type": "stream",
     "text": [
      " 23% (23 of 99) |#####                    | Elapsed Time: 0:00:04 ETA:  0:00:11"
     ]
    },
    {
     "name": "stdout",
     "output_type": "stream",
     "text": [
      "[[  9.99999177e-01   6.22227303e-04  -1.12188597e-03   2.99908395e-03]\n",
      " [ -6.25142944e-04   9.99996424e-01  -2.60039998e-03   8.92453316e-03]\n",
      " [  1.12026392e-03   2.60109918e-03   9.99995990e-01  -7.25969278e-03]\n",
      " [  0.00000000e+00   0.00000000e+00   0.00000000e+00   1.00000000e+00]]\n",
      "[[  9.99996428e-01  -2.67042357e-03   1.11272388e-04   4.92508601e-04]\n",
      " [  2.67048276e-03   9.99996291e-01  -5.35226205e-04   3.04062057e-03]\n",
      " [ -1.09842695e-04   5.35521444e-04   9.99999851e-01   3.56646754e-03]\n",
      " [  0.00000000e+00   0.00000000e+00   0.00000000e+00   1.00000000e+00]]\n"
     ]
    },
    {
     "name": "stderr",
     "output_type": "stream",
     "text": [
      " 25% (25 of 99) |######                   | Elapsed Time: 0:00:04 ETA:  0:00:10"
     ]
    },
    {
     "name": "stdout",
     "output_type": "stream",
     "text": [
      "[[  9.99999203e-01  -1.22875201e-03  -2.88611213e-04  -8.25266875e-04]\n",
      " [  1.22822933e-03   9.99997618e-01  -1.80426422e-03   1.05819857e-02]\n",
      " [  2.90827519e-04   1.80390830e-03   9.99998331e-01  -3.16079824e-03]\n",
      " [  0.00000000e+00   0.00000000e+00   0.00000000e+00   1.00000000e+00]]\n",
      "[[  9.99998782e-01  -1.40600094e-03  -6.78327624e-04   1.29259106e-03]\n",
      " [  1.40511733e-03   9.99998166e-01  -1.30135667e-03   3.47153525e-03]\n",
      " [  6.80156089e-04   1.30040195e-03   9.99998923e-01   6.42383471e-03]\n",
      " [  0.00000000e+00   0.00000000e+00   0.00000000e+00   1.00000000e+00]]\n"
     ]
    },
    {
     "name": "stderr",
     "output_type": "stream",
     "text": [
      " 27% (27 of 99) |######                   | Elapsed Time: 0:00:04 ETA:  0:00:10"
     ]
    },
    {
     "name": "stdout",
     "output_type": "stream",
     "text": [
      "[[  9.99998696e-01  -1.56282676e-03  -4.06959150e-04  -3.13009050e-04]\n",
      " [  1.56217293e-03   9.99997497e-01  -1.60201672e-03   1.04726373e-02]\n",
      " [  4.09461806e-04   1.60137889e-03   9.99998634e-01  -3.06573282e-03]\n",
      " [  0.00000000e+00   0.00000000e+00   0.00000000e+00   1.00000000e+00]]\n",
      "[[  9.99999677e-01   7.26507019e-04   3.43124958e-04  -5.96938709e-03]\n",
      " [ -7.26658580e-04   9.99999638e-01   4.41790049e-04   2.31299228e-03]\n",
      " [ -3.42803871e-04  -4.42039241e-04   9.99999844e-01   1.29359704e-02]\n",
      " [  0.00000000e+00   0.00000000e+00   0.00000000e+00   1.00000000e+00]]\n"
     ]
    },
    {
     "name": "stderr",
     "output_type": "stream",
     "text": [
      " 29% (29 of 99) |#######                  | Elapsed Time: 0:00:05 ETA:  0:00:10"
     ]
    },
    {
     "name": "stdout",
     "output_type": "stream",
     "text": [
      "[[  9.99999863e-01  -2.82732519e-05  -5.21892415e-04   3.09091885e-05]\n",
      " [  2.78683134e-05   9.99999699e-01  -7.75895191e-04   4.75949915e-03]\n",
      " [  5.21914195e-04   7.75880541e-04   9.99999563e-01   8.95016277e-04]\n",
      " [  0.00000000e+00   0.00000000e+00   0.00000000e+00   1.00000000e+00]]\n",
      "[[  9.99998453e-01   1.68588828e-03  -5.01178432e-04  -5.83474256e-04]\n",
      " [ -1.68600069e-03   9.99998554e-01  -2.23952800e-04   1.87092266e-03]\n",
      " [  5.00800147e-04   2.24797441e-04   9.99999849e-01   2.25671744e-03]\n",
      " [  0.00000000e+00   0.00000000e+00   0.00000000e+00   1.00000000e+00]]\n"
     ]
    },
    {
     "name": "stderr",
     "output_type": "stream",
     "text": [
      " 31% (31 of 99) |#######                  | Elapsed Time: 0:00:05 ETA:  0:00:10"
     ]
    },
    {
     "name": "stdout",
     "output_type": "stream",
     "text": [
      "[[  9.99998363e-01  -1.71104932e-03   5.88452614e-04  -3.77988429e-03]\n",
      " [  1.71139578e-03   9.99998362e-01  -5.88758581e-04   7.23966471e-03]\n",
      " [ -5.87444255e-04   5.89764693e-04   9.99999654e-01   1.28850658e-02]\n",
      " [  0.00000000e+00   0.00000000e+00   0.00000000e+00   1.00000000e+00]]\n",
      "[[  9.99999825e-01  -3.41771793e-04  -4.82009479e-04   8.61121127e-04]\n",
      " [  3.41129463e-04   9.99999055e-01  -1.33206154e-03   3.47795312e-03]\n",
      " [  4.82464284e-04   1.33189688e-03   9.99998997e-01  -3.75325332e-04]\n",
      " [  0.00000000e+00   0.00000000e+00   0.00000000e+00   1.00000000e+00]]\n"
     ]
    },
    {
     "name": "stderr",
     "output_type": "stream",
     "text": [
      " 33% (33 of 99) |########                 | Elapsed Time: 0:00:05 ETA:  0:00:09"
     ]
    },
    {
     "name": "stdout",
     "output_type": "stream",
     "text": [
      "[[  9.99996210e-01   2.25484877e-03  -1.57951257e-03   5.22321654e-03]\n",
      " [ -2.25472453e-03   9.99997455e-01   8.04355248e-05  -4.87723991e-03]\n",
      " [  1.57968992e-03  -7.68738542e-05   9.99998749e-01  -6.44564108e-03]\n",
      " [  0.00000000e+00   0.00000000e+00   0.00000000e+00   1.00000000e+00]]\n",
      "[[  9.99996143e-01  -2.74644419e-03  -4.12915082e-04  -1.68571488e-03]\n",
      " [  2.74677288e-03   9.99995910e-01   7.97595100e-04  -6.59316458e-04]\n",
      " [  4.10722843e-04  -7.98726208e-04   9.99999597e-01   4.50851368e-03]\n",
      " [  0.00000000e+00   0.00000000e+00   0.00000000e+00   1.00000000e+00]]\n",
      "None\n"
     ]
    },
    {
     "name": "stderr",
     "output_type": "stream",
     "text": [
      " 36% (36 of 99) |#########                | Elapsed Time: 0:00:06 ETA:  0:00:14"
     ]
    },
    {
     "name": "stdout",
     "output_type": "stream",
     "text": [
      "[[  9.99999763e-01  -6.75849757e-04  -1.31625939e-04   2.48869254e-04]\n",
      " [  6.75775626e-04   9.99999614e-01  -5.62426518e-04   2.28300551e-03]\n",
      " [  1.32006004e-04   5.62337435e-04   9.99999833e-01  -3.51827240e-04]\n",
      " [  0.00000000e+00   0.00000000e+00   0.00000000e+00   1.00000000e+00]]\n",
      "[[  9.99997107e-01  -2.27886605e-03   7.70481119e-04  -2.75596423e-03]\n",
      " [  2.27918475e-03   9.99997317e-01  -4.13012957e-04   7.20849310e-03]\n",
      " [ -7.69537851e-04   4.14767831e-04   9.99999618e-01   2.60960794e-03]\n",
      " [  0.00000000e+00   0.00000000e+00   0.00000000e+00   1.00000000e+00]]\n"
     ]
    },
    {
     "name": "stderr",
     "output_type": "stream",
     "text": [
      " 38% (38 of 99) |#########                | Elapsed Time: 0:00:07 ETA:  0:00:14"
     ]
    },
    {
     "name": "stdout",
     "output_type": "stream",
     "text": [
      "[[  9.99996920e-01   2.30631840e-03   9.16942943e-04  -4.54667806e-03]\n",
      " [ -2.30622648e-03   9.99997336e-01  -1.01296386e-04  -3.71709471e-03]\n",
      " [ -9.17174122e-04   9.91813961e-05   9.99999574e-01   6.14987475e-03]\n",
      " [  0.00000000e+00   0.00000000e+00   0.00000000e+00   1.00000000e+00]]\n",
      "[[  9.99998314e-01   6.56634622e-04   1.71477551e-03  -3.73768490e-03]\n",
      " [ -6.54884566e-04   9.99999264e-01  -1.02093670e-03   2.23265702e-03]\n",
      " [ -1.71544463e-03   1.01981200e-03   9.99998009e-01   1.73969316e-02]\n",
      " [  0.00000000e+00   0.00000000e+00   0.00000000e+00   1.00000000e+00]]\n"
     ]
    },
    {
     "name": "stderr",
     "output_type": "stream",
     "text": [
      "\r",
      "                                                                               \r",
      "\r",
      " 39% (39 of 99) |#########                | Elapsed Time: 0:00:07 ETA:  0:00:14"
     ]
    },
    {
     "name": "stdout",
     "output_type": "stream",
     "text": [
      "[[ 0.99995548 -0.00850605  0.00408556 -0.02462587]\n",
      " [ 0.00851053  0.9999632  -0.0010795  -0.00665963]\n",
      " [-0.00407623  0.00111422  0.99999107 -0.01140129]\n",
      " [ 0.          0.          0.          1.        ]]\n",
      "None\n"
     ]
    },
    {
     "name": "stderr",
     "output_type": "stream",
     "text": [
      " 42% (42 of 99) |##########               | Elapsed Time: 0:00:08 ETA:  0:00:18"
     ]
    },
    {
     "name": "stdout",
     "output_type": "stream",
     "text": [
      "[[  9.99999610e-01  -7.10335821e-04  -5.24845456e-04   3.70666001e-03]\n",
      " [  7.10208268e-04   9.99999718e-01  -2.43176215e-04   5.47154912e-03]\n",
      " [  5.25018045e-04   2.42803370e-04   9.99999833e-01  -1.79295119e-02]\n",
      " [  0.00000000e+00   0.00000000e+00   0.00000000e+00   1.00000000e+00]]\n",
      "[[  9.99999452e-01  -1.03114270e-03   1.78932482e-04   2.74172796e-03]\n",
      " [  1.03137750e-03   9.99998601e-01  -1.31713144e-03   1.22518977e-02]\n",
      " [ -1.77574081e-04   1.31731526e-03   9.99999117e-01   7.27926462e-03]\n",
      " [  0.00000000e+00   0.00000000e+00   0.00000000e+00   1.00000000e+00]]\n"
     ]
    },
    {
     "name": "stderr",
     "output_type": "stream",
     "text": [
      " 44% (44 of 99) |###########              | Elapsed Time: 0:00:08 ETA:  0:00:12"
     ]
    },
    {
     "name": "stdout",
     "output_type": "stream",
     "text": [
      "[[  9.99999110e-01  -1.21668051e-03   5.47764005e-04   2.24017578e-03]\n",
      " [  1.21636929e-03   9.99999099e-01   5.68138994e-04  -9.96189539e-03]\n",
      " [ -5.48454755e-04  -5.67472205e-04   9.99999689e-01  -1.16601843e-02]\n",
      " [  0.00000000e+00   0.00000000e+00   0.00000000e+00   1.00000000e+00]]\n",
      "[[  9.99999492e-01   6.86171224e-04   7.38608931e-04  -8.81416753e-04]\n",
      " [ -6.85691516e-04   9.99999554e-01  -6.49532572e-04   1.67499745e-03]\n",
      " [ -7.39054293e-04   6.49025784e-04   9.99999516e-01  -7.89795815e-03]\n",
      " [  0.00000000e+00   0.00000000e+00   0.00000000e+00   1.00000000e+00]]\n"
     ]
    },
    {
     "name": "stderr",
     "output_type": "stream",
     "text": [
      " 46% (46 of 99) |###########              | Elapsed Time: 0:00:09 ETA:  0:00:12"
     ]
    },
    {
     "name": "stdout",
     "output_type": "stream",
     "text": [
      "[[  9.99996406e-01   2.63234730e-03   5.09341619e-04  -1.14577104e-03]\n",
      " [ -2.63240305e-03   9.99996529e-01   1.08814376e-04  -1.81106084e-03]\n",
      " [ -5.09053414e-04  -1.10154777e-04   9.99999864e-01   2.82438964e-03]\n",
      " [  0.00000000e+00   0.00000000e+00   0.00000000e+00   1.00000000e+00]]\n",
      "[[  9.99999842e-01  -2.49982178e-04   5.03036425e-04   9.29323596e-04]\n",
      " [  2.49597184e-04   9.99999676e-01   7.65257133e-04  -7.84899393e-03]\n",
      " [ -5.03227563e-04  -7.65131455e-04   9.99999581e-01  -8.49360289e-03]\n",
      " [  0.00000000e+00   0.00000000e+00   0.00000000e+00   1.00000000e+00]]\n"
     ]
    },
    {
     "name": "stderr",
     "output_type": "stream",
     "text": [
      " 48% (48 of 99) |############             | Elapsed Time: 0:00:09 ETA:  0:00:12"
     ]
    },
    {
     "name": "stdout",
     "output_type": "stream",
     "text": [
      "[[  9.99973045e-01   7.30927086e-03  -6.96117693e-04  -3.12738892e-03]\n",
      " [ -7.31051555e-03   9.99971653e-01  -1.80260223e-03  -4.08884562e-03]\n",
      " [  6.82922252e-04   1.80764262e-03   9.99998133e-01  -2.03410695e-02]\n",
      " [  0.00000000e+00   0.00000000e+00   0.00000000e+00   1.00000000e+00]]\n",
      "[[  9.99999686e-01   5.21332484e-04   5.97652635e-04  -1.25375199e-03]\n",
      " [ -5.21505222e-04   9.99999822e-01   2.88908708e-04  -3.76419730e-03]\n",
      " [ -5.97501911e-04  -2.89220296e-04   9.99999780e-01  -9.62455029e-03]\n",
      " [  0.00000000e+00   0.00000000e+00   0.00000000e+00   1.00000000e+00]]\n"
     ]
    },
    {
     "name": "stderr",
     "output_type": "stream",
     "text": [
      " 50% (50 of 99) |############             | Elapsed Time: 0:00:09 ETA:  0:00:07"
     ]
    },
    {
     "name": "stdout",
     "output_type": "stream",
     "text": [
      "[[  9.99999654e-01   3.06200861e-04   7.73897865e-04   2.37993967e-03]\n",
      " [ -3.06790191e-04   9.99999663e-01   7.61505130e-04   8.46344544e-04]\n",
      " [ -7.73664431e-04  -7.61742290e-04   9.99999411e-01   8.11412483e-03]\n",
      " [  0.00000000e+00   0.00000000e+00   0.00000000e+00   1.00000000e+00]]\n",
      "[[  9.99999044e-01  -8.32268278e-04   1.10382894e-03  -1.98713616e-03]\n",
      " [  8.32602921e-04   9.99999608e-01  -3.02740950e-04   3.58692856e-03]\n",
      " [ -1.10357654e-03   3.03659712e-04   9.99999345e-01  -3.30711858e-05]\n",
      " [  0.00000000e+00   0.00000000e+00   0.00000000e+00   1.00000000e+00]]\n"
     ]
    },
    {
     "name": "stderr",
     "output_type": "stream",
     "text": [
      " 52% (52 of 99) |#############            | Elapsed Time: 0:00:10 ETA:  0:00:07"
     ]
    },
    {
     "name": "stdout",
     "output_type": "stream",
     "text": [
      "[[  9.99976166e-01   6.89585108e-03  -3.38056719e-04   3.00613128e-03]\n",
      " [ -6.89631616e-03   9.99975248e-01  -1.39444794e-03  -2.55786668e-03]\n",
      " [  3.28432446e-04   1.39674605e-03   9.99998971e-01  -1.53729450e-02]\n",
      " [  0.00000000e+00   0.00000000e+00   0.00000000e+00   1.00000000e+00]]\n",
      "[[  9.99996842e-01  -2.40366426e-03   7.34321040e-04   2.59038131e-03]\n",
      " [  2.40334212e-03   9.99997015e-01   4.39262795e-04  -3.51379805e-03]\n",
      " [ -7.35374688e-04  -4.37496583e-04   9.99999634e-01  -5.61373552e-03]\n",
      " [  0.00000000e+00   0.00000000e+00   0.00000000e+00   1.00000000e+00]]\n"
     ]
    },
    {
     "name": "stderr",
     "output_type": "stream",
     "text": [
      " 54% (54 of 99) |#############            | Elapsed Time: 0:00:10 ETA:  0:00:06"
     ]
    },
    {
     "name": "stdout",
     "output_type": "stream",
     "text": [
      "[[  9.99995915e-01  -2.29992139e-03   1.69729500e-03  -4.54051338e-03]\n",
      " [  2.30115342e-03   9.99997090e-01  -7.24280756e-04   2.83969464e-03]\n",
      " [ -1.69562427e-03   7.28183534e-04   9.99998297e-01  -1.13381977e-02]\n",
      " [  0.00000000e+00   0.00000000e+00   0.00000000e+00   1.00000000e+00]]\n",
      "[[ 0.99997468 -0.00635283  0.0032061  -0.01131021]\n",
      " [ 0.0063602   0.99997714 -0.00229363  0.01759632]\n",
      " [-0.00319145  0.00231396  0.99999223  0.02527266]\n",
      " [ 0.          0.          0.          1.        ]]\n"
     ]
    },
    {
     "name": "stderr",
     "output_type": "stream",
     "text": [
      "\r",
      "                                                                               \r",
      "\r",
      " 55% (55 of 99) |#############            | Elapsed Time: 0:00:10 ETA:  0:00:06"
     ]
    },
    {
     "name": "stdout",
     "output_type": "stream",
     "text": [
      "[[ 0.99999744 -0.00193305  0.00117797  0.00367317]\n",
      " [ 0.0019344   0.99999747 -0.00114733 -0.00243559]\n",
      " [-0.00117574  0.00114961  0.99999865 -0.02342706]\n",
      " [ 0.          0.          0.          1.        ]]\n",
      "None\n"
     ]
    },
    {
     "name": "stderr",
     "output_type": "stream",
     "text": [
      " 58% (58 of 99) |##############           | Elapsed Time: 0:00:11 ETA:  0:00:09"
     ]
    },
    {
     "name": "stdout",
     "output_type": "stream",
     "text": [
      "[[  9.99999758e-01   4.52109492e-04   5.28267696e-04  -1.93334662e-03]\n",
      " [ -4.51913269e-04   9.99999829e-01  -3.71506509e-04   5.32181964e-03]\n",
      " [ -5.28435567e-04   3.71267688e-04   9.99999791e-01  -1.88513213e-03]\n",
      " [  0.00000000e+00   0.00000000e+00   0.00000000e+00   1.00000000e+00]]\n",
      "[[  9.99999618e-01   6.47587207e-04   5.87730469e-04  -3.86605221e-03]\n",
      " [ -6.47861342e-04   9.99999681e-01   4.66360171e-04  -7.83896396e-03]\n",
      " [ -5.87428273e-04  -4.66740761e-04   9.99999719e-01  -1.77549023e-03]\n",
      " [  0.00000000e+00   0.00000000e+00   0.00000000e+00   1.00000000e+00]]\n"
     ]
    },
    {
     "name": "stderr",
     "output_type": "stream",
     "text": [
      " 60% (60 of 99) |###############          | Elapsed Time: 0:00:11 ETA:  0:00:09"
     ]
    },
    {
     "name": "stdout",
     "output_type": "stream",
     "text": [
      "[[ 0.99999754 -0.00178695  0.00131271 -0.00482287]\n",
      " [ 0.00178541  0.99999772  0.00117385 -0.00190177]\n",
      " [-0.00131481 -0.00117151  0.99999845  0.01089645]\n",
      " [ 0.          0.          0.          1.        ]]\n",
      "[[  9.99999039e-01  -2.57174513e-04   1.36242477e-03  -4.70522910e-03]\n",
      " [  2.55881950e-04   9.99999517e-01   9.48812499e-04  -5.80800273e-03]\n",
      " [ -1.36266812e-03  -9.48462967e-04   9.99998622e-01   9.59159077e-03]\n",
      " [  0.00000000e+00   0.00000000e+00   0.00000000e+00   1.00000000e+00]]\n"
     ]
    },
    {
     "name": "stderr",
     "output_type": "stream",
     "text": [
      " 62% (62 of 99) |###############          | Elapsed Time: 0:00:12 ETA:  0:00:08"
     ]
    },
    {
     "name": "stdout",
     "output_type": "stream",
     "text": [
      "[[  9.99999386e-01  -6.23968469e-05   1.10619435e-03  -4.85453436e-03]\n",
      " [  6.08955223e-05   9.99999077e-01   1.35717959e-03  -6.91279290e-03]\n",
      " [ -1.10627801e-03  -1.35711139e-03   9.99998467e-01   8.21750770e-03]\n",
      " [  0.00000000e+00   0.00000000e+00   0.00000000e+00   1.00000000e+00]]\n",
      "[[ 0.99999555 -0.00218916  0.00202477 -0.00513389]\n",
      " [ 0.00218549  0.99999596  0.00181594 -0.00788362]\n",
      " [-0.00202873 -0.00181151  0.9999963   0.00544167]\n",
      " [ 0.          0.          0.          1.        ]]\n"
     ]
    },
    {
     "name": "stderr",
     "output_type": "stream",
     "text": [
      " 64% (64 of 99) |################         | Elapsed Time: 0:00:12 ETA:  0:00:08"
     ]
    },
    {
     "name": "stdout",
     "output_type": "stream",
     "text": [
      "[[  9.99999497e-01   7.81205978e-05   9.99846664e-04   2.60717898e-04]\n",
      " [ -7.81483496e-05   9.99999997e-01   2.77170370e-05  -4.04477175e-03]\n",
      " [ -9.99844495e-04  -2.77951594e-05   9.99999500e-01  -1.19627909e-02]\n",
      " [  0.00000000e+00   0.00000000e+00   0.00000000e+00   1.00000000e+00]]\n",
      "[[  9.99998897e-01  -1.33292556e-03   6.55656932e-04   3.81304319e-03]\n",
      " [  1.33242802e-03   9.99998825e-01   7.58703150e-04  -7.60261685e-03]\n",
      " [ -6.56667457e-04  -7.57828697e-04   9.99999497e-01  -2.07577014e-02]\n",
      " [  0.00000000e+00   0.00000000e+00   0.00000000e+00   1.00000000e+00]]\n"
     ]
    },
    {
     "name": "stderr",
     "output_type": "stream",
     "text": [
      " 66% (66 of 99) |################         | Elapsed Time: 0:00:12 ETA:  0:00:05"
     ]
    },
    {
     "name": "stdout",
     "output_type": "stream",
     "text": [
      "[[  9.99999143e-01   5.49244502e-05   1.30805170e-03  -1.92384071e-03]\n",
      " [ -5.72677220e-05   9.99998394e-01   1.79145132e-03  -9.94697349e-03]\n",
      " [ -1.30795120e-03  -1.79152469e-03   9.99997540e-01  -4.92295652e-04]\n",
      " [  0.00000000e+00   0.00000000e+00   0.00000000e+00   1.00000000e+00]]\n",
      "[[  9.99999652e-01   7.26154646e-04   4.11126123e-04   1.34131391e-03]\n",
      " [ -7.26578378e-04   9.99999204e-01   1.03145233e-03  -1.16235876e-02]\n",
      " [ -4.10376802e-04  -1.03175069e-03   9.99999384e-01  -2.08649518e-02]\n",
      " [  0.00000000e+00   0.00000000e+00   0.00000000e+00   1.00000000e+00]]\n"
     ]
    },
    {
     "name": "stderr",
     "output_type": "stream",
     "text": [
      " 68% (68 of 99) |#################        | Elapsed Time: 0:00:13 ETA:  0:00:04"
     ]
    },
    {
     "name": "stdout",
     "output_type": "stream",
     "text": [
      "[[  9.99992189e-01  -2.64279104e-03   2.93897939e-03  -1.54211492e-02]\n",
      " [  2.64422074e-03   9.99996388e-01  -4.82680850e-04   6.35161083e-03]\n",
      " [ -2.93769315e-03   4.90448390e-04   9.99995565e-01   7.33541238e-03]\n",
      " [  0.00000000e+00   0.00000000e+00   0.00000000e+00   1.00000000e+00]]\n",
      "[[  9.99999347e-01   1.10347856e-03   2.96062183e-04  -4.86141581e-04]\n",
      " [ -1.10388469e-03   9.99998445e-01   1.37514710e-03  -1.08040005e-02]\n",
      " [ -2.94544278e-04  -1.37547302e-03   9.99999011e-01  -2.05103565e-02]\n",
      " [  0.00000000e+00   0.00000000e+00   0.00000000e+00   1.00000000e+00]]\n"
     ]
    },
    {
     "name": "stderr",
     "output_type": "stream",
     "text": [
      " 70% (70 of 99) |#################        | Elapsed Time: 0:00:13 ETA:  0:00:04"
     ]
    },
    {
     "name": "stdout",
     "output_type": "stream",
     "text": [
      "[[  9.99998297e-01  -1.83882167e-03  -1.60408736e-04   3.45374499e-03]\n",
      " [  1.83873231e-03   9.99998155e-01  -5.55430412e-04  -6.55102701e-03]\n",
      " [  1.61429777e-04   5.55134517e-04   9.99999833e-01  -1.93363852e-02]\n",
      " [  0.00000000e+00   0.00000000e+00   0.00000000e+00   1.00000000e+00]]\n",
      "[[ 0.99997703 -0.00656715  0.00167818 -0.00525741]\n",
      " [ 0.00657135  0.99997526 -0.00250981  0.01193095]\n",
      " [-0.00166166  0.00252078  0.99999544 -0.02756485]\n",
      " [ 0.          0.          0.          1.        ]]\n"
     ]
    },
    {
     "name": "stderr",
     "output_type": "stream",
     "text": [
      " 72% (72 of 99) |##################       | Elapsed Time: 0:00:13 ETA:  0:00:04"
     ]
    },
    {
     "name": "stdout",
     "output_type": "stream",
     "text": [
      "[[ 0.99998266 -0.00570902  0.00144189 -0.00674597]\n",
      " [ 0.00571186  0.99998173 -0.00197741  0.0072279 ]\n",
      " [-0.00143057  0.00198562  0.99999701 -0.01188833]\n",
      " [ 0.          0.          0.          1.        ]]\n",
      "[[  9.99992002e-01  -3.84699228e-03   1.09380115e-03  -6.68054788e-03]\n",
      " [  3.84785627e-03   9.99992286e-01  -7.88896636e-04   2.53359123e-03]\n",
      " [ -1.09075784e-03   7.93099116e-04   9.99999091e-01  -2.48967587e-02]\n",
      " [  0.00000000e+00   0.00000000e+00   0.00000000e+00   1.00000000e+00]]\n"
     ]
    },
    {
     "name": "stderr",
     "output_type": "stream",
     "text": [
      " 74% (74 of 99) |##################       | Elapsed Time: 0:00:14 ETA:  0:00:04"
     ]
    },
    {
     "name": "stdout",
     "output_type": "stream",
     "text": [
      "[[  9.99999488e-01  -2.33687327e-04   9.84581353e-04  -6.89598625e-03]\n",
      " [  2.34907595e-04   9.99999204e-01  -1.23944449e-03   4.85645255e-03]\n",
      " [ -9.84290927e-04   1.23967514e-03   9.99998747e-01  -3.01333286e-02]\n",
      " [  0.00000000e+00   0.00000000e+00   0.00000000e+00   1.00000000e+00]]\n",
      "[[  9.99999487e-01  -6.86825177e-04  -7.45076993e-04   8.61746044e-03]\n",
      " [  6.86142174e-04   9.99999345e-01  -9.16556695e-04   4.34029326e-03]\n",
      " [  7.45706019e-04   9.16044995e-04   9.99999302e-01  -6.73749136e-02]\n",
      " [  0.00000000e+00   0.00000000e+00   0.00000000e+00   1.00000000e+00]]\n"
     ]
    },
    {
     "name": "stderr",
     "output_type": "stream",
     "text": [
      " 76% (76 of 99) |###################      | Elapsed Time: 0:00:14 ETA:  0:00:03"
     ]
    },
    {
     "name": "stdout",
     "output_type": "stream",
     "text": [
      "[[  9.99996962e-01  -2.43533390e-03   3.81776793e-04  -4.51180014e-03]\n",
      " [  2.43593629e-03   9.99995776e-01  -1.58541304e-03   4.48515358e-03]\n",
      " [ -3.77914170e-04   1.58633821e-03   9.99998670e-01  -4.15140546e-02]\n",
      " [  0.00000000e+00   0.00000000e+00   0.00000000e+00   1.00000000e+00]]\n",
      "[[ 0.99992689 -0.01149439  0.003753   -0.02037642]\n",
      " [ 0.01150978  0.99992533 -0.00410611  0.02093594]\n",
      " [-0.00370552  0.00414901  0.99998453 -0.02156797]\n",
      " [ 0.          0.          0.          1.        ]]\n"
     ]
    },
    {
     "name": "stderr",
     "output_type": "stream",
     "text": [
      " 78% (78 of 99) |###################      | Elapsed Time: 0:00:14 ETA:  0:00:03"
     ]
    },
    {
     "name": "stdout",
     "output_type": "stream",
     "text": [
      "[[  9.99999012e-01  -1.40465223e-03   5.60127649e-05   9.37944744e-04]\n",
      " [  1.40464209e-03   9.99998997e-01   1.80717326e-04  -1.34599017e-02]\n",
      " [ -5.62665538e-05  -1.80638469e-04   9.99999982e-01  -4.59829420e-02]\n",
      " [  0.00000000e+00   0.00000000e+00   0.00000000e+00   1.00000000e+00]]\n",
      "[[  9.99998796e-01  -1.55152304e-03  -2.94571010e-05  -5.90237958e-04]\n",
      " [  1.55148721e-03   9.99998100e-01  -1.17991596e-03   3.57699827e-03]\n",
      " [  3.12877118e-05   1.17986883e-03   9.99999303e-01  -3.86560637e-02]\n",
      " [  0.00000000e+00   0.00000000e+00   0.00000000e+00   1.00000000e+00]]\n"
     ]
    },
    {
     "name": "stderr",
     "output_type": "stream",
     "text": [
      " 80% (80 of 99) |####################     | Elapsed Time: 0:00:15 ETA:  0:00:03"
     ]
    },
    {
     "name": "stdout",
     "output_type": "stream",
     "text": [
      "[[  9.99999437e-01   6.21724259e-04   8.59579728e-04  -6.36649125e-03]\n",
      " [ -6.22148141e-04   9.99999685e-01   4.92947313e-04  -8.82320944e-03]\n",
      " [ -8.59272980e-04  -4.93481822e-04   9.99999509e-01  -4.51450188e-02]\n",
      " [  0.00000000e+00   0.00000000e+00   0.00000000e+00   1.00000000e+00]]\n",
      "[[  9.99997731e-01  -1.55328376e-03  -1.45760988e-03   8.52723405e-03]\n",
      " [  1.55428971e-03   9.99998555e-01   6.89256960e-04  -1.46466357e-02]\n",
      " [  1.45653716e-03  -6.91520944e-04   9.99998700e-01  -6.50228095e-02]\n",
      " [  0.00000000e+00   0.00000000e+00   0.00000000e+00   1.00000000e+00]]\n"
     ]
    },
    {
     "name": "stderr",
     "output_type": "stream",
     "text": [
      " 82% (82 of 99) |####################     | Elapsed Time: 0:00:15 ETA:  0:00:02"
     ]
    },
    {
     "name": "stdout",
     "output_type": "stream",
     "text": [
      "[[  9.99999922e-01   2.23835244e-04  -3.26214981e-04  -5.37002049e-04]\n",
      " [ -2.23910955e-04   9.99999948e-01  -2.32068649e-04  -9.84899150e-03]\n",
      " [  3.26163019e-04   2.32141674e-04   9.99999920e-01  -5.33207072e-02]\n",
      " [  0.00000000e+00   0.00000000e+00   0.00000000e+00   1.00000000e+00]]\n",
      "[[  9.99996982e-01  -2.29107859e-03   8.86840577e-04  -4.80863492e-03]\n",
      " [  2.29203995e-03   9.99996785e-01  -1.08452462e-03  -5.64971951e-03]\n",
      " [ -8.84352995e-04   1.08655402e-03   9.99999019e-01  -5.61857078e-02]\n",
      " [  0.00000000e+00   0.00000000e+00   0.00000000e+00   1.00000000e+00]]\n"
     ]
    },
    {
     "name": "stderr",
     "output_type": "stream",
     "text": [
      " 84% (84 of 99) |#####################    | Elapsed Time: 0:00:15 ETA:  0:00:02"
     ]
    },
    {
     "name": "stdout",
     "output_type": "stream",
     "text": [
      "[[  9.99999341e-01  -5.61545454e-04   1.00092816e-03  -1.45501586e-03]\n",
      " [  5.61139306e-04   9.99999760e-01   4.06006509e-04   4.16390154e-04]\n",
      " [ -1.00115591e-03  -4.05444581e-04   9.99999417e-01  -5.42602762e-02]\n",
      " [  0.00000000e+00   0.00000000e+00   0.00000000e+00   1.00000000e+00]]\n",
      "[[  9.99999106e-01  -1.66336566e-04  -1.32683782e-03   4.01107317e-03]\n",
      " [  1.68696362e-04   9.99998404e-01   1.77859758e-03  -2.67830590e-02]\n",
      " [  1.32653986e-03  -1.77881982e-03   9.99997538e-01  -8.09680275e-02]\n",
      " [  0.00000000e+00   0.00000000e+00   0.00000000e+00   1.00000000e+00]]\n"
     ]
    },
    {
     "name": "stderr",
     "output_type": "stream",
     "text": [
      " 86% (86 of 99) |#####################    | Elapsed Time: 0:00:16 ETA:  0:00:02"
     ]
    },
    {
     "name": "stdout",
     "output_type": "stream",
     "text": [
      "[[ 0.99999304 -0.00291423 -0.00232847  0.01122494]\n",
      " [ 0.00291883  0.99999379  0.00197507 -0.02630202]\n",
      " [ 0.0023227  -0.00198185  0.99999534 -0.0874948 ]\n",
      " [ 0.          0.          0.          1.        ]]\n",
      "[[  9.99998214e-01  -1.81697473e-03   5.19945492e-04  -8.35670490e-03]\n",
      " [  1.81749588e-03   9.99997845e-01  -1.00361639e-03  -1.09637847e-02]\n",
      " [ -5.18120825e-04   1.00455959e-03   9.99999361e-01  -7.03309087e-02]\n",
      " [  0.00000000e+00   0.00000000e+00   0.00000000e+00   1.00000000e+00]]\n"
     ]
    },
    {
     "name": "stderr",
     "output_type": "stream",
     "text": [
      " 88% (88 of 99) |######################   | Elapsed Time: 0:00:16 ETA:  0:00:01"
     ]
    },
    {
     "name": "stdout",
     "output_type": "stream",
     "text": [
      "[[  9.99998349e-01  -1.80490080e-04  -1.80801777e-03   7.07947076e-03]\n",
      " [  1.81641091e-04   9.99999781e-01   6.36471018e-04  -1.88933860e-02]\n",
      " [  1.80790250e-03  -6.36798378e-04   9.99998163e-01  -8.25885938e-02]\n",
      " [  0.00000000e+00   0.00000000e+00   0.00000000e+00   1.00000000e+00]]\n",
      "[[ 0.99999656  0.00186192 -0.00185006  0.00342323]\n",
      " [-0.00185903  0.99999706  0.00155898 -0.0212892 ]\n",
      " [ 0.00185295 -0.00155554  0.99999707 -0.09413955]\n",
      " [ 0.          0.          0.          1.        ]]\n"
     ]
    },
    {
     "name": "stderr",
     "output_type": "stream",
     "text": [
      " 90% (90 of 99) |######################   | Elapsed Time: 0:00:16 ETA:  0:00:01"
     ]
    },
    {
     "name": "stdout",
     "output_type": "stream",
     "text": [
      "[[  9.99997766e-01   7.82504229e-04  -1.96372872e-03   2.00329475e-03]\n",
      " [ -7.77488843e-04   9.99996438e-01   2.55347683e-03  -3.99328191e-02]\n",
      " [  1.96571983e-03  -2.55194435e-03   9.99994812e-01  -1.07534885e-01]\n",
      " [  0.00000000e+00   0.00000000e+00   0.00000000e+00   1.00000000e+00]]\n",
      "[[  9.99999827e-01   4.59603478e-04  -3.66409831e-04  -6.28791355e-03]\n",
      " [ -4.59206194e-04   9.99999307e-01   1.08360898e-03  -2.56044699e-02]\n",
      " [  3.66907607e-04  -1.08344054e-03   9.99999346e-01  -8.86595817e-02]\n",
      " [  0.00000000e+00   0.00000000e+00   0.00000000e+00   1.00000000e+00]]\n"
     ]
    },
    {
     "name": "stderr",
     "output_type": "stream",
     "text": [
      " 92% (92 of 99) |#######################  | Elapsed Time: 0:00:17 ETA:  0:00:01"
     ]
    },
    {
     "name": "stdout",
     "output_type": "stream",
     "text": [
      "[[  9.99997365e-01  -2.27815214e-03   2.83055279e-04  -9.07962325e-03]\n",
