{
 "cells": [
  {
   "cell_type": "markdown",
   "metadata": {},
   "source": [
    "# Match Kitti Sequence version 22-11\n",
    "\n",
    "Reads a sequence of stereo images as Frame. The Frames are scanned to identify FramePoints that are pixels that are at the top or botrom of vertical lines in the image. A patch is taken around each of the FramePoints in the left hand image, to match these to a patch in the right hand image and estimate the disparity/distance of the framePoint.\n",
    "\n",
    "A Sequence is created in which the first Frame is the KeyFrame. It's initial FramePoints are culled to keep only the points for which there is a confident estimate of its depth. The consecutive frames are used to track the KeyFrame's remaining FramePoints. Only a limited number of all framePoints will be found in the consecutive frames, mostly because nearby objects become larger quickly as we get closer. The matching FramePoints are given the same FramePointId as the corresponding point in the KeyFrame and its depth is estimated.\n",
    "\n",
    "The results are dumped into a folder 'dump', containing files 0.txt, 1.txt, etc. 0.txt contains the FramePoints as observed from the first frame, 1.txt form the second frame, etc. In these files, each row contains a single FramePoint with the values FramePointID, X, Y, Depth."
   ]
  },
  {
   "cell_type": "code",
   "execution_count": 1,
   "metadata": {},
   "outputs": [],
   "source": [
    "# when you change a setting you have to restart the kernel (settings are only loaded once)\n",
    "import os\n",
    "os.environ['STEREO_CONFIDENCE'] = '1.6'\n",
    "os.environ['SEQUENCE_CONFIDENCE'] = '1.6'\n",
    "#os.environ['PATCH_SIZE'] = '17'\n",
    "# FRAMECOUNT = 1101\n",
    "FRAMECOUNT = 100\n",
    "\n",
    "import sys\n",
    "sys.path.append('..')\n",
    "from pyurb.urb_kitti import *\n",
    "%matplotlib inline\n",
    "import numpy as np"
   ]
  },
  {
   "cell_type": "markdown",
   "metadata": {},
   "source": [
    "Read the first 10 frames from KITTI sequence 01."
   ]
  },
  {
   "cell_type": "code",
   "execution_count": 2,
   "metadata": {},
   "outputs": [
    {
     "name": "stdout",
     "output_type": "stream",
     "text": [
      "CPU times: user 34 µs, sys: 79 µs, total: 113 µs\n",
      "Wall time: 116 µs\n"
     ]
    }
   ],
   "source": [
    "%%time\n",
    "LEFTDIR = '/data/urbinn/datasets/kitti/sequences/01/image_2'\n",
    "RIGHTDIR = '/data/urbinn/datasets/kitti/sequences/01/image_3'\n",
    "\n",
    "frame = []\n",
    "for frameid in range(FRAMECOUNT):\n",
    "    filename = '%06d.png'%(frameid)\n",
    "    left_frame = Frame(LEFTDIR + '/' + filename, RIGHTDIR)\n",
    "    frame.append(left_frame)"
   ]
  },
  {
   "cell_type": "code",
   "execution_count": 3,
   "metadata": {},
   "outputs": [
    {
     "name": "stdout",
     "output_type": "stream",
     "text": [
      "1101\n"
     ]
    }
   ],
   "source": [
    "%%bash\n",
    "ls /data/urbinn/datasets/kitti/sequences/01/image_2 | wc -l\n"
   ]
  },
  {
   "cell_type": "markdown",
   "metadata": {},
   "source": [
    "Inspect the FramePoints for the first frame"
   ]
  },
  {
   "cell_type": "markdown",
   "metadata": {},
   "source": [
    "We can also manually compute the Depth of the points and show these"
   ]
  },
  {
   "cell_type": "markdown",
   "metadata": {},
   "source": [
    "Turn the list of frames into a sequence. The first frame is automatically taken as the KeyFrame and its FramePoints are rerieved, depth is estimated, only the most confident points are kept, and they are tracked in the other frames."
   ]
  },
  {
   "cell_type": "code",
   "execution_count": 4,
   "metadata": {},
   "outputs": [
    {
     "name": "stderr",
     "output_type": "stream",
     "text": [
      "  5% (5 of 100) |#                        | Elapsed Time: 0:00:06 ETA:  0:02:11"
     ]
    },
    {
     "name": "stdout",
     "output_type": "stream",
     "text": [
      "invalid speed 4.20373948795 -1.03510464781 \n",
      " [[ 0.97477079  0.0036529  -0.22317834  1.76321253]\n",
      " [-0.00251859  0.99998243  0.00536694 -0.1015843 ]\n",
      " [ 0.22319402 -0.00466944  0.97476286 -0.01759371]\n",
      " [ 0.          0.          0.          1.        ]]\n"
     ]
    },
    {
     "name": "stderr",
     "output_type": "stream",
     "text": [
      " 16% (16 of 100) |###                     | Elapsed Time: 0:00:18 ETA:  0:00:54"
     ]
    },
    {
     "name": "stdout",
     "output_type": "stream",
     "text": [
      "WARNING: invalid pose estimation\n",
      "150 -1.00338851616 [[  9.98943459e-01   9.72309543e-05  -4.59560289e-02  -2.08941232e-02]\n",
      " [ -1.12544650e-05   9.99998249e-01   1.87109748e-03   7.17438652e-03]\n",
      " [  4.59561304e-02  -1.86860338e-03   9.98941711e-01  -1.00338852e+00]\n",
      " [  0.00000000e+00   0.00000000e+00   0.00000000e+00   1.00000000e+00]]\n"
     ]
    },
    {
     "name": "stderr",
     "output_type": "stream",
     "text": [
      " 23% (23 of 100) |#####                   | Elapsed Time: 0:00:22 ETA:  0:00:56"
     ]
    },
    {
     "name": "stdout",
     "output_type": "stream",
     "text": [
      "WARNING: invalid pose estimation\n",
      "174 -1.10590600655 [[ 0.99887334  0.00164197 -0.04742744  0.10799996]\n",
      " [-0.00156832  0.99999751  0.00159007  0.25762168]\n",
      " [ 0.04742994 -0.00151389  0.99887342 -1.10590601]\n",
      " [ 0.          0.          0.          1.        ]]\n"
     ]
    },
    {
     "name": "stderr",
     "output_type": "stream",
     "text": [
      " 32% (32 of 100) |#######                 | Elapsed Time: 0:00:31 ETA:  0:01:08"
     ]
    },
    {
     "name": "stdout",
     "output_type": "stream",
     "text": [
      "invalid speed 3.02871580076 -1.10019419403 \n",
      " [[ 0.98742278 -0.03224705 -0.15477849  1.40606812]\n",
      " [ 0.03668748  0.99899063  0.025918   -2.71162053]\n",
      " [ 0.15378648 -0.03127045  0.98760917 -0.247766  ]\n",
      " [ 0.          0.          0.          1.        ]]\n"
     ]
    },
    {
     "name": "stderr",
     "output_type": "stream",
     "text": [
      " 36% (36 of 100) |########                | Elapsed Time: 0:00:41 ETA:  0:01:46"
     ]
    },
    {
     "name": "stdout",
     "output_type": "stream",
     "text": [
      "invalid speed 19.8985956976 -1.60108379108 \n",
      " [[  0.99758151  -0.01803438  -0.06712596  -9.58557615]\n",
      " [  0.01946682   0.99959522   0.02074687  -6.33959193]\n",
      " [  0.06672463  -0.02200342   0.99752878  13.99379343]\n",
      " [  0.           0.           0.           1.        ]]\n"
     ]
    },
    {
     "name": "stderr",
     "output_type": "stream",
     "text": [
      " 44% (44 of 100) |##########              | Elapsed Time: 0:01:05 ETA:  0:02:40"
     ]
    },
    {
     "name": "stdout",
     "output_type": "stream",
     "text": [
      "invalid speed 7.07834031811 -1.7301333362 \n",
      " [[  9.87459801e-01   3.07695061e-02  -1.54843079e-01  -2.00602756e+00]\n",
      " [ -3.01028341e-02   9.99524693e-01   6.64894155e-03  -1.63991526e+00]\n",
      " [  1.54974066e-01  -1.90434699e-03   9.87916703e-01  -4.10564614e+00]\n",
      " [  0.00000000e+00   0.00000000e+00   0.00000000e+00   1.00000000e+00]]\n"
     ]
    },
    {
     "name": "stderr",
     "output_type": "stream",
     "text": [
      " 49% (49 of 100) |###########             | Elapsed Time: 0:01:33 ETA:  0:03:29"
     ]
    },
    {
     "name": "stdout",
     "output_type": "stream",
     "text": [
      "invalid speed 1.90924091 -1.34814584713 \n",
      " [[ 0.99775973  0.01166936 -0.06587375  2.0516035 ]\n",
      " [-0.01093439  0.99987401  0.01150678 -0.38773127]\n",
      " [ 0.06599972 -0.01076071  0.99776162 -4.43326272]\n",
      " [ 0.          0.          0.          1.        ]]\n"
     ]
    },
    {
     "name": "stderr",
     "output_type": "stream",
     "text": [
      " 53% (53 of 100) |############            | Elapsed Time: 0:02:07 ETA:  0:05:21"
     ]
    },
    {
     "name": "stdout",
     "output_type": "stream",
     "text": [
      "invalid speed 0.268269167018 -1.37429752121 \n",
      " [[  9.99663598e-01   8.50979771e-03  -2.45005066e-02   5.20839410e-01]\n",
      " [ -8.56322602e-03   9.99961179e-01  -2.07660950e-03   8.27276995e-01]\n",
      " [  2.44818840e-02   2.28571430e-03   9.99697661e-01  -5.21041733e+00]\n",
      " [  0.00000000e+00   0.00000000e+00   0.00000000e+00   1.00000000e+00]]\n"
     ]
    },
    {
     "name": "stderr",
     "output_type": "stream",
     "text": [
      " 60% (60 of 100) |##############          | Elapsed Time: 0:02:57 ETA:  0:04:30"
     ]
    },
    {
     "name": "stdout",
     "output_type": "stream",
     "text": [
      "invalid speed 5.26029305176 -1.5337842074 \n",
      " [[  9.99968011e-01  -7.99663149e-03  -1.73851671e-04  -2.52365346e+00]\n",
      " [  7.99681069e-03   9.99967468e-01   1.05569423e-03  -1.16148115e+00]\n",
      " [  1.65404018e-04  -1.05705071e-03   9.99999428e-01  -5.10883159e+00]\n",
      " [  0.00000000e+00   0.00000000e+00   0.00000000e+00   1.00000000e+00]]\n"
     ]
    },
    {
     "name": "stderr",
     "output_type": "stream",
     "text": [
      "\r",
      "                                                                               \r",
      "\r",
      " 61% (61 of 100) |##############          | Elapsed Time: 0:03:15 ETA:  0:05:19"
     ]
    },
    {
     "name": "stdout",
     "output_type": "stream",
     "text": [
      "invalid speed 0.147418112605 -1.52837201487 \n",
      " [[  9.99989001e-01  -1.19412424e-03  -4.53567528e-03   8.34397146e-01]\n",
      " [  1.19996905e-03   9.99998453e-01   1.28612842e-03  -1.61354600e-01]\n",
      " [  4.53413246e-03  -1.29155694e-03   9.99988887e-01  -1.37012952e+00]\n",
      " [  0.00000000e+00   0.00000000e+00   0.00000000e+00   1.00000000e+00]]\n"
     ]
    },
    {
     "name": "stderr",
     "output_type": "stream",
     "text": [
      " 64% (64 of 100) |###############         | Elapsed Time: 0:03:38 ETA:  0:04:22"
     ]
    },
    {
     "name": "stdout",
     "output_type": "stream",
     "text": [
      "invalid speed 0.101801345571 -1.35215200287 \n",
      " [[  9.99794397e-01  -2.28894938e-03   2.01475694e-02  -2.66004000e+00]\n",
      " [  2.15686308e-03   9.99976057e-01   6.57523292e-03  -1.30554145e+00]\n",
      " [ -2.01621374e-02  -6.53042548e-03   9.99775396e-01  -3.97788708e+00]\n",
      " [  0.00000000e+00   0.00000000e+00   0.00000000e+00   1.00000000e+00]]\n"
     ]
    },
    {
     "name": "stderr",
     "output_type": "stream",
     "text": [
      " 68% (68 of 100) |################        | Elapsed Time: 0:04:05 ETA:  0:04:18"
     ]
    },
    {
     "name": "stdout",
     "output_type": "stream",
     "text": [
      "invalid speed 0.777259119817 -1.17401229906 \n",
      " [[ 0.99983147  0.01783234  0.00436414  0.05971315]\n",
      " [-0.01777641  0.9997634  -0.01253602  0.59976449]\n",
      " [-0.00458665  0.01245633  0.9999119  -4.29277567]\n",
      " [ 0.          0.          0.          1.        ]]\n"
     ]
    },
    {
     "name": "stderr",
     "output_type": "stream",
     "text": [
      " 83% (83 of 100) |###################     | Elapsed Time: 0:05:40 ETA:  0:01:57"
     ]
    },
    {
     "name": "stdout",
     "output_type": "stream",
     "text": [
      "invalid speed -3.83388962452 -1.55489618791 \n",
      " [[  9.99821160e-01  -1.27373271e-02  -1.39788670e-02   8.80124579e-01]\n",
      " [  1.25986449e-02   9.99870983e-01  -9.96447500e-03   1.47434538e+00]\n",
      " [  1.41039842e-02   9.78657817e-03   9.99852639e-01  -1.14737790e+01]\n",
      " [  0.00000000e+00   0.00000000e+00   0.00000000e+00   1.00000000e+00]]\n"
     ]
    },
    {
     "name": "stderr",
     "output_type": "stream",
     "text": [
      " 85% (85 of 100) |####################    | Elapsed Time: 0:05:58 ETA:  0:01:40"
     ]
    },
    {
     "name": "stdout",
     "output_type": "stream",
     "text": [
      "invalid speed 2.11978276046 -1.63833608008 \n",
      " [[ 0.9999346  -0.00195494 -0.01126835  0.15617986]\n",
      " [ 0.00192902  0.99999547 -0.00231044  0.00758575]\n",
      " [ 0.01127282  0.00228855  0.99993384 -1.36238102]\n",
      " [ 0.          0.          0.          1.        ]]\n"
     ]
    },
    {
     "name": "stderr",
     "output_type": "stream",
     "text": [
      " 90% (90 of 100) |#####################   | Elapsed Time: 0:06:40 ETA:  0:01:12"
     ]
    },
    {
     "name": "stdout",
     "output_type": "stream",
     "text": [
      "WARNING: invalid pose estimation\n",
      "160 -2.00920740373 [[  9.99989880e-01   3.23186261e-04  -4.48723368e-03  -1.11771715e-02]\n",
      " [ -3.15728704e-04   9.99998568e-01   1.66255879e-03   9.86426636e-03]\n",
      " [  4.48776457e-03  -1.66112522e-03   9.99988550e-01  -2.00920740e+00]\n",
      " [  0.00000000e+00   0.00000000e+00   0.00000000e+00   1.00000000e+00]]\n",
      "invalid speed -4.06545605554 -1.98281377956 \n",
      " [[  9.99959516e-01  -6.97807240e-04  -8.97098602e-03  -1.67381298e-02]\n",
      " [  7.26570030e-04   9.99994605e-01   3.20334242e-03   3.40802420e-02]\n",
      " [  8.96870231e-03  -3.20973079e-03   9.99954629e-01  -4.06545606e+00]\n",
      " [  0.00000000e+00   0.00000000e+00   0.00000000e+00   1.00000000e+00]]\n"
     ]
    },
    {
     "name": "stderr",
     "output_type": "stream",
     "text": [
      "\r",
      "                                                                               \r",
      "\r",
      " 91% (91 of 100) |#####################   | Elapsed Time: 0:06:55 ETA:  0:01:17"
     ]
    },
    {
     "name": "stdout",
     "output_type": "stream",
     "text": [
      "WARNING: invalid pose estimation\n",
      "152 -2.02823761849 [[  9.99990109e-01  -4.64042535e-04  -4.42351350e-03  -1.00494449e-02]\n",
      " [  4.71201709e-04   9.99998581e-01   1.61753117e-03   2.04723614e-02]\n",
      " [  4.42275662e-03  -1.61959954e-03   9.99988908e-01  -2.02823762e+00]\n",
      " [  0.00000000e+00   0.00000000e+00   0.00000000e+00   1.00000000e+00]]\n",
      "invalid speed -3.45960987878 -1.9979550592 \n",
      " [[  9.99921155e-01  -5.97979042e-03  -1.10420185e-02   3.05398041e-01]\n",
      " [  6.00755164e-03   9.99978873e-01   2.48268804e-03  -1.06780178e-01]\n",
      " [  1.10269393e-02  -2.54882779e-03   9.99935953e-01  -3.45960988e+00]\n",
      " [  0.00000000e+00   0.00000000e+00   0.00000000e+00   1.00000000e+00]]\n"
     ]
    },
    {
     "name": "stderr",
     "output_type": "stream",
     "text": [
      "\r",
      "                                                                               \r",
      "\r",
      " 92% (92 of 100) |######################  | Elapsed Time: 0:07:08 ETA:  0:01:18"
     ]
    },
    {
     "name": "stdout",
     "output_type": "stream",
     "text": [
      "WARNING: invalid pose estimation\n",
      "118 -2.02743871916 [[  9.99987839e-01  -1.09670160e-03  -4.80824860e-03   1.03762337e-02]\n",
      " [  1.09815625e-03   9.99999352e-01   2.99900894e-04   2.42215917e-02]\n",
      " [  4.80791658e-03  -3.05177455e-04   9.99988395e-01  -2.02743872e+00]\n",
      " [  0.00000000e+00   0.00000000e+00   0.00000000e+00   1.00000000e+00]]\n",
      "invalid speed -4.06464691816 -2.00778294586 \n",
      " [[  9.99944683e-01  -2.13897831e-03  -1.02983145e-02   3.76325633e-02]\n",
      " [  2.15096780e-03   9.99997022e-01   1.15328353e-03  -3.38604538e-03]\n",
      " [  1.02958169e-02  -1.17537108e-03   9.99946306e-01  -4.06464692e+00]\n",
      " [  0.00000000e+00   0.00000000e+00   0.00000000e+00   1.00000000e+00]]\n"
     ]
    },
    {
     "name": "stderr",
     "output_type": "stream",
     "text": [
      "\r",
      "                                                                               \r",
      "\r",
      " 93% (93 of 100) |######################  | Elapsed Time: 0:07:21 ETA:  0:01:06"
     ]
    },
    {
     "name": "stdout",
     "output_type": "stream",
     "text": [
      "WARNING: invalid pose estimation\n",
      "113 -2.04975203458 [[  9.99987342e-01  -1.32297748e-03  -4.85440705e-03  -5.75774608e-03]\n",
      " [  1.32424654e-03   9.99999090e-01   2.58218686e-04   9.17245397e-03]\n",
      " [  4.85406102e-03  -2.64643849e-04   9.99988184e-01  -2.04975203e+00]\n",
      " [  0.00000000e+00   0.00000000e+00   0.00000000e+00   1.00000000e+00]]\n",
      "invalid speed -4.05387756527 -2.0217726421 \n",
      " [[  9.99936967e-01  -4.54833207e-03  -1.02652068e-02   2.59959176e-02]\n",
      " [  4.54436030e-03   9.99989590e-01  -4.10207544e-04   1.28994580e-02]\n",
      " [  1.02669657e-02   3.63532890e-04   9.99947227e-01  -4.05387757e+00]\n",
      " [  0.00000000e+00   0.00000000e+00   0.00000000e+00   1.00000000e+00]]\n"
     ]
    },
    {
     "name": "stderr",
     "output_type": "stream",
     "text": [
      "\r",
      "                                                                               \r",
      "\r",
      " 94% (94 of 100) |######################  | Elapsed Time: 0:07:32 ETA:  0:01:02"
     ]
    },
    {
     "name": "stdout",
     "output_type": "stream",
     "text": [
      "WARNING: invalid pose estimation\n",
      "119 -2.07562592833 [[  9.99971242e-01  -1.62641348e-03  -7.40747603e-03   7.47195639e-02]\n",
      " [  1.62297176e-03   9.99998572e-01  -4.70615396e-04   1.95623649e-02]\n",
      " [  7.40823087e-03   4.58579738e-04   9.99972454e-01  -2.07562593e+00]\n",
      " [  0.00000000e+00   0.00000000e+00   0.00000000e+00   1.00000000e+00]]\n",
      "invalid speed -4.09933296759 -2.03972373751 \n",
      " [[  9.99693154e-01  -1.91001247e-03  -2.46971638e-02   7.77519309e-01]\n",
      " [  2.06159735e-03   9.99979186e-01   6.11374016e-03  -3.15686380e-01]\n",
      " [  2.46849724e-02  -6.16277979e-03   9.99676284e-01  -4.09933297e+00]\n",
      " [  0.00000000e+00   0.00000000e+00   0.00000000e+00   1.00000000e+00]]\n"
     ]
    },
    {
     "name": "stderr",
     "output_type": "stream",
     "text": [
      "\r",
      "                                                                               \r",
      "\r",
      " 95% (95 of 100) |######################  | Elapsed Time: 0:07:43 ETA:  0:00:49"
     ]
    },
    {
     "name": "stdout",
     "output_type": "stream",
     "text": [
      "WARNING: invalid pose estimation\n",
      "125 -2.10103048318 [[  9.99985200e-01  -8.06169986e-04  -5.38054305e-03  -1.62015718e-02]\n",
      " [  8.03975536e-04   9.99999593e-01  -4.09999654e-04   1.40803703e-02]\n",
      " [  5.38087139e-03   4.05667761e-04   9.99985441e-01  -2.10103048e+00]\n",
      " [  0.00000000e+00   0.00000000e+00   0.00000000e+00   1.00000000e+00]]\n",
      "invalid speed -4.26953668526 -2.0601593194 \n",
      " [[  9.99932686e-01  -1.13354146e-03  -1.15472281e-02   1.77070322e-02]\n",
      " [  1.13119606e-03   9.99999338e-01  -2.09642881e-04   3.23979001e-03]\n",
      " [  1.15474581e-02   1.96566591e-04   9.99933307e-01  -4.26953669e+00]\n",
      " [  0.00000000e+00   0.00000000e+00   0.00000000e+00   1.00000000e+00]]\n"
     ]
    },
    {
     "name": "stderr",
     "output_type": "stream",
     "text": [
      "\r",
      "                                                                               \r",
      "\r",
      " 96% (96 of 100) |####################### | Elapsed Time: 0:07:53 ETA:  0:00:42"
     ]
    },
    {
     "name": "stdout",
     "output_type": "stream",
     "text": [
      "WARNING: invalid pose estimation\n",
      "135 -2.05199725398 [[  9.99977797e-01  -6.76882367e-05  -6.66346398e-03   4.42925802e-02]\n",
      " [  6.65339517e-05   9.99999983e-01  -1.73447492e-04   1.18485731e-02]\n",
      " [  6.66347561e-03   1.73000295e-04   9.99977784e-01  -2.05199725e+00]\n",
      " [  0.00000000e+00   0.00000000e+00   0.00000000e+00   1.00000000e+00]]\n",
      "invalid speed -4.23453453072 -2.05743863093 \n",
      " [[  9.99893125e-01   4.47787509e-04  -1.46129443e-02   1.76872729e-01]\n",
      " [ -4.19150113e-04   9.99997986e-01   1.96273179e-03  -7.18570389e-03]\n",
      " [  1.46137938e-02  -1.95639700e-03   9.99891299e-01  -4.23453453e+00]\n",
      " [  0.00000000e+00   0.00000000e+00   0.00000000e+00   1.00000000e+00]]\n"
     ]
    },
    {
     "name": "stderr",
     "output_type": "stream",
     "text": [
      "\r",
      "                                                                               \r",
      "\r",
      " 97% (97 of 100) |####################### | Elapsed Time: 0:08:05 ETA:  0:00:34"
     ]
    },
    {
     "name": "stdout",
     "output_type": "stream",
     "text": [
      "WARNING: invalid pose estimation\n",
      "201 -2.06971713913 [[  9.99983115e-01   5.42198121e-04  -5.78574897e-03   8.79668286e-03]\n",
      " [ -5.35899531e-04   9.99999262e-01   1.09013341e-03   2.80549806e-02]\n",
      " [  5.78633577e-03  -1.08701443e-03   9.99982668e-01  -2.06971714e+00]\n",
      " [  0.00000000e+00   0.00000000e+00   0.00000000e+00   1.00000000e+00]]\n",
      "invalid speed -4.21220410277 -2.061531467 \n",
      " [[  9.99923138e-01  -6.36053468e-06  -1.23982880e-02   6.85762618e-02]\n",
      " [  3.79589722e-05   9.99996752e-01   2.54837931e-03   3.00510596e-02]\n",
      " [  1.23982315e-02  -2.54865406e-03   9.99919891e-01  -4.21220410e+00]\n",
      " [  0.00000000e+00   0.00000000e+00   0.00000000e+00   1.00000000e+00]]\n"
     ]
    },
    {
     "name": "stderr",
     "output_type": "stream",
     "text": [
      "\r",
      "                                                                               \r",
      "\r",
      " 98% (98 of 100) |####################### | Elapsed Time: 0:08:17 ETA:  0:00:24"
     ]
    },
    {
     "name": "stdout",
     "output_type": "stream",
     "text": [
      "WARNING: invalid pose estimation\n",
      "175 -2.11311862866 [[  9.99979635e-01  -7.16714721e-04  -6.34158098e-03   1.20068331e-02]\n",
      " [  7.22970045e-04   9.99999254e-01   9.84160857e-04   2.24102319e-02]\n",
      " [  6.34087089e-03  -9.88725587e-04   9.99979408e-01  -2.11311863e+00]\n",
      " [  0.00000000e+00   0.00000000e+00   0.00000000e+00   1.00000000e+00]]\n",
      "invalid speed -3.52133929157 -2.07872718755 \n",
      " [[  9.99890483e-01  -1.73372760e-04  -1.47983456e-02   4.47224983e-01]\n",
      " [  1.86966498e-04   9.99999562e-01   9.17219939e-04   5.40365042e-04]\n",
      " [  1.47981801e-02  -9.19886283e-04   9.99890078e-01  -3.52133929e+00]\n",
      " [  0.00000000e+00   0.00000000e+00   0.00000000e+00   1.00000000e+00]]\n"
     ]
    },
    {
     "name": "stderr",
     "output_type": "stream",
     "text": [
      "\r",
      "                                                                               \r",
      "\r",
      " 99% (99 of 100) |####################### | Elapsed Time: 0:08:27 ETA:  0:00:11"
     ]
    },
    {
     "name": "stdout",
     "output_type": "stream",
     "text": [
      "WARNING: invalid pose estimation\n",
      "131 -2.15120995689 [[  9.99959477e-01   5.52673260e-04  -8.98548697e-03   1.28964284e-01]\n",
      " [ -5.47576227e-04   9.99999688e-01   5.69702026e-04  -8.53783263e-03]\n",
      " [  8.98579902e-03  -5.64758701e-04   9.99959467e-01  -2.15120996e+00]\n",
      " [  0.00000000e+00   0.00000000e+00   0.00000000e+00   1.00000000e+00]]\n",
      "invalid speed -4.18979291622 -2.10288811067 \n",
      " [[  9.99886193e-01   1.12360951e-04  -1.50860120e-02   1.95818724e-01]\n",
      " [ -1.07724381e-04   9.99999947e-01   3.08154579e-04   3.72899947e-02]\n",
      " [  1.50860458e-02  -3.06494378e-04   9.99886152e-01  -4.18979292e+00]\n",
      " [  0.00000000e+00   0.00000000e+00   0.00000000e+00   1.00000000e+00]]\n"
     ]
    },
    {
     "name": "stderr",
     "output_type": "stream",
     "text": [
      "100% (100 of 100) |#######################| Elapsed Time: 0:08:37 Time: 0:08:37\n"
     ]
    },
    {
     "name": "stdout",
     "output_type": "stream",
     "text": [
      "WARNING: invalid pose estimation\n",
      "205 -2.11154347647 [[  9.99982043e-01  -9.71855772e-04  -5.91354961e-03   2.46055643e-02]\n",
      " [  9.73647916e-04   9.99999481e-01   3.00186023e-04   1.11736517e-02]\n",
      " [  5.91325480e-03  -3.05938348e-04   9.99982470e-01  -2.11154348e+00]\n",
      " [  0.00000000e+00   0.00000000e+00   0.00000000e+00   1.00000000e+00]]\n"
     ]
    }
   ],
   "source": [
    "seq = Sequence()\n",
    "for f in ProgressBar()(frame):\n",
    "    seq.add_frame(f)"
   ]
  },
  {
   "cell_type": "code",
   "execution_count": 10,
   "metadata": {},
   "outputs": [
    {
     "data": {
